100
0
102
0
104
0
106
0
108
0
110
0
112
0
114
0
116
0
118
0
120
0
123
0
126
0
129
0
132
0
135
0
138
0
141
0
144
0
147
0
150
0
153
0
156
0
159
0
162
0
166
1
170
0
174
0
178
0
182
0
186
0
190
0
194
0
198
0
202
0
207
0
212
0
217
0
222
0
227
0
232
0
237
0
242
0
248
0
254
0
260
0
266
0
272
0
278
0
284
0
291
0
298
0
305
0
312
0
319
0
326
0
334
0
342
0
350
0
358
0
366
0
375
0
384
0
393
0
402
0
412
0
422
0
432
0
442
0
453
0
464
0
475
0
486
0
498
0
510
0
522
0
535
0
548
0
561
0
575
0
589
0
603
0
618
0
633
0
648
0
664
0
680
0
697
0
714
0
731
0
749
0
767
0
786
0
805
1
825
0
845
0
866
0
887
0
909
0
931
0
954
0
977
0
1001
0
1026
0
1051
0
1077
0
1103
0
1130
0
1158
0
1186
0
1215
0
1245
0
1276
0
1307
0
1339
0
1372
0
1406
0
1441
0
1477
0
1513
0
1550
0
1588
0
1627
0
1667
0
1708
0
1750
0
1793
0
1837
0
1882
0
1929
0
1977
0
2026
0
2076
0
2127
0
2180
0
2234
0
2289
0
2346
0
2404
0
2464
0
2525
0
2588
0
2652
0
2718
0
2785
0
2854
0
2925
0
2998
0
3072
0
3148
0
3226
1
3306
0
3388
0
3472
1
3558
0
3646
0
3737
0
3830
0
3925
0
4023
0
4123
1
4226
0
4331
1
4439
0
4549
1
4662
0
4778
1
4897
1
5019
1
5144
0
5272
0
5403
1
5538
0
5676
1
5817
0
5962
1
6111
1
6263
1
6419
1
6579
1
6743
2
6911
2
7083
1
7260
1
7441
1
7627
1
7817
2
8012
1
8212
2
8417
2
8627
1
8842
2
9063
2
9289
2
9521
1
9759
2
10002
2
10252
2
10508
2
10770
2
11039
2
11314
2
11596
3
11885
2
12182
3
12486
3
12798
3
13117
2
13444
3
13780
3
14124
3
14477
4
14838
3
15208
4
15588
3
15977
4
16376
3
16785
4
17204
4
17634
4
18074
4
18525
4
18988
4
19462
4
19948
5
20446
4
20957
4
21480
4
22017
5
22567
5
23131
6
23709
5
24301
5
24908
5
25530
5
26168
6
26822
6
27492
6
28179
7
28883
6
29605
6
30345
7
31103
7
31880
7
32677
7
33493
8
34330
7
35188
8
36067
8
36968
8
37892
8
38839
9
39809
9
40804
9
41824
10
42869
9
43940
10
45038
10
46163
10
47317
10
48499
11
49711
11
50953
11
52226
11
53531
12
54869
11
56240
11
57646
12
59087
13
60564
12
62078
12
63629
12
65219
13
66849
13
68520
14
70233
14
71988
14
73787
15
75631
14
77521
15
79459
15
81445
16
83481
15
85568
16
87707
16
89899
17
92146
16
94449
17
96810
17
99230
17
101710
18
104252
18
106858
18
109529
18
112267
18
115073
18
117949
19
120897
19
123919
19
127016
19
130191
19
133445
20
136781
20
140200
20
143705
20
147297
20
150979
21
154753
21
158621
21
162586
21
166650
21
170816
21
175086
21
179463
21
183949
22
188547
21
193260
22
198091
22
203043
23
208119
23
213321
23
218654
23
224120
23
229723
24
235466
24
241352
24
247385
24
253569
24
259908
24
266405
24
273065
24
279891
24
286888
24
294060
24
301411
25
308946
24
316669
25
324585
25
332699
25
341016
25
349541
25
358279
26
367235
25
376415
25
385825
25
395470
26
405356
26
415489
27
425876
26
436522
26
447435
26
458620
26
470085
27
481837
27
493882
27
