100
0
102
0
104
0
106
0
108
0
110
0
112
0
114
0
116
0
118
0
120
0
123
0
126
0
129
0
132
0
135
0
138
0
141
0
144
0
147
0
150
0
153
0
156
0
159
0
162
0
166
0
170
0
174
0
178
0
182
0
186
0
190
0
194
0
198
0
202
0
207
0
212
0
217
0
222
0
227
0
232
0
237
0
242
0
248
0
254
0
260
0
266
0
272
0
278
0
284
0
291
0
298
0
305
0
312
0
319
0
326
0
334
0
342
0
350
0
358
0
366
0
375
0
384
0
393
0
402
0
412
0
422
0
432
0
442
0
453
0
464
0
475
0
486
0
498
0
510
0
522
0
535
0
548
0
561
0
575
0
589
0
603
0
618
0
633
0
648
0
664
0
680
0
697
0
714
0
731
0
749
0
767
0
786
0
805
0
825
0
845
0
866
0
887
0
909
0
931
0
954
0
977
0
1001
0
1026
0
1051
1
1077
0
1103
0
1130
0
1158
0
1186
0
1215
0
1245
1
1276
0
1307
0
1339
0
1372
0
1406
0
1441
1
1477
0
1513
0
1550
0
1588
0
1627
0
1667
0
1708
0
1750
0
1793
1
1837
0
1882
0
1929
0
1977
0
2026
0
2076
1
2127
0
2180
0
2234
0
2289
0
2346
0
2404
0
2464
0
2525
0
2588
0
2652
0
2718
0
2785
0
2854
1
2925
0
2998
0
3072
0
3148
0
3226
0
3306
0
3388
0
3472
0
3558
1
3646
0
3737
0
3830
0
3925
1
4023
0
4123
0
4226
0
4331
1
4439
0
4549
1
4662
0
4778
0
4897
1
5019
0
5144
0
5272
1
5403
0
5538
1
5676
1
5817
1
5962
0
6111
2
6263
1
6419
1
6579
1
6743
1
6911
1
7083
2
7260
1
7441
1
7627
1
7817
1
8012
1
8212
3
8417
1
8627
3
8842
2
9063
2
9289
3
9521
2
9759
5
10002
3
10252
4
10508
4
10770
4
11039
4
11314
4
11596
4
11885
5
12182
5
12486
4
12798
5
13117
5
13444
6
13780
5
14124
4
14477
5
14838
3
15208
4
15588
4
15977
4
16376
4
16785
4
17204
4
17634
5
18074
4
18525
5
18988
5
19462
5
19948
5
20446
17
20957
6
21480
5
22017
7
22567
7
23131
6
23709
6
24301
7
24908
8
25530
7
26168
8
26822
9
27492
9
28179
11
28883
10
29605
12
30345
11
31103
13
31880
13
32677
12
33493
10
34330
9
35188
10
36067
10
36968
11
37892
10
38839
11
39809
11
40804
12
41824
11
42869
13
43940
13
45038
14
46163
13
47317
14
48499
15
49711
15
50953
15
52226
15
53531
17
54869
16
56240
16
57646
17
59087
19
60564
20
62078
19
63629
20
65219
20
66849
22
68520
22
70233
22
71988
22
73787
35
75631
42
77521
29
79459
40
81445
33
83481
26
85568
28
87707
28
89899
28
92146
31
94449
31
96810
36
99230
41
101710
49
104252
58
106858
47
109529
47
112267
39
115073
38
117949
46
120897
46
123919
37
127016
38
130191
41
133445
69
136781
59
140200
45
143705
52
147297
53
150979
84
154753
77
158621
51
162586
81
166650
63
170816
52
175086
53
179463
54
183949
56
188547
57
193260
58
198091
77
203043
88
208119
63
213321
64
218654
66
224120
71
229723
86
235466
72
241352
73
247385
75
253569
76
259908
78
266405
81
273065
83
279891
85
286888
86
294060
89
301411
92
308946
93
316669
96
324585
98
332699
101
341016
103
349541
106
358279
108
367235
111
376415
115
385825
117
395470
120
405356
123
415489
126
425876
130
436522
133
447435
136
458620
139
470085
143
481837
146
493882
150
506229
155
518884
159
531856
162
545152
166
558780
170
572749
176
587067
223
601743
183
616786
187
632205
192
648010
231
664210
203
680815
254
697835
212
715280
218
733162
245
751491
253
770278
236
789534
323
809272
387
829503
302
850240
307
871496
266
893283
314
915615
279
938505
286
961967
294
986016
300
