100
0
102
0
104
0
106
0
108
0
110
0
112
0
114
0
116
0
118
0
120
0
123
0
126
0
129
0
132
0
135
0
138
0
141
0
144
0
147
0
150
0
153
0
156
0
159
0
162
0
166
0
170
0
174
0
178
0
182
0
186
0
190
0
194
0
198
0
202
0
207
0
212
0
217
0
222
0
227
0
232
0
237
0
242
0
248
0
254
0
260
0
266
0
272
0
278
0
284
0
291
0
298
0
305
0
312
0
319
0
326
0
334
0
342
0
350
0
358
0
366
0
375
0
384
0
393
0
402
0
412
0
422
0
432
0
442
0
453
0
464
0
475
0
486
0
498
0
510
0
522
0
535
0
548
0
561
0
575
0
589
0
603
0
618
0
633
0
648
0
664
0
680
0
697
0
714
0
731
0
749
0
767
0
786
0
805
0
825
0
845
0
866
0
887
0
909
0
931
0
954
0
977
0
1001
0
1026
0
1051
0
1077
0
1103
0
1130
0
1158
0
1186
0
1215
0
1245
0
1276
0
1307
0
1339
0
1372
0
1406
0
1441
0
1477
0
1513
0
1550
0
1588
0
1627
0
1667
0
1708
0
1750
0
1793
0
1837
0
1882
1
1929
0
1977
0
2026
0
2076
0
2127
0
2180
0
2234
0
2289
0
2346
0
2404
0
2464
1
2525
0
2588
0
2652
0
2718
1
2785
0
2854
0
2925
1
2998
0
3072
0
3148
0
3226
0
3306
1
3388
0
3472
1
3558
1
3646
0
3737
0
3830
1
3925
0
4023
1
4123
0
4226
0
4331
0
4439
0
4549
1
4662
0
4778
1
4897
1
5019
0
5144
1
5272
1
5403
0
5538
1
5676
1
5817
0
5962
1
6111
0
6263
1
6419
1
6579
1
6743
1
6911
1
7083
1
7260
1
7441
2
7627
1
7817
2
8012
1
8212
1
8417
2
8627
2
8842
2
9063
2
9289
2
9521
1
9759
2
10002
2
10252
1
10508
2
10770
2
11039
2
11314
2
11596
2
11885
2
12182
3
12486
3
12798
3
13117
2
13444
2
13780
3
14124
3
14477
3
14838
3
15208
3
15588
4
15977
3
16376
3
16785
3
17204
3
17634
4
18074
4
18525
3
18988
4
19462
4
19948
4
20446
4
20957
4
21480
4
22017
5
22567
5
23131
5
23709
5
24301
5
24908
5
25530
5
26168
5
26822
5
27492
5
28179
6
28883
6
29605
6
30345
7
31103
7
31880
6
32677
7
33493
7
34330
7
35188
7
36067
8
36968
8
37892
8
38839
8
39809
8
40804
8
41824
9
42869
9
43940
9
45038
9
46163
9
47317
10
48499
10
49711
11
50953
11
52226
10
53531
11
54869
12
56240
12
57646
12
59087
12
60564
12
62078
12
63629
12
65219
13
66849
13
68520
13
70233
13
71988
14
73787
14
75631
14
77521
14
79459
14
81445
14
83481
15
85568
15
87707
16
89899
16
92146
16
94449
17
96810
16
99230
17
101710
17
104252
17
106858
17
109529
18
112267
17
115073
18
117949
18
120897
18
123919
19
127016
19
130191
19
133445
20
136781
20
140200
20
143705
20
147297
20
150979
21
154753
21
158621
21
162586
21
166650
22
170816
21
175086
22
179463
22
183949
22
188547
23
193260
22
198091
23
203043
23
208119
23
213321
23
218654
24
224120
23
229723
23
235466
23
241352
23
247385
23
253569
24
259908
25
266405
24
273065
25
279891
25
286888
25
294060
25
301411
25
308946
25
316669
26
324585
25
332699
26
341016
26
349541
25
358279
26
367235
26
376415
27
385825
26
395470
26
405356
27
415489
26
425876
27
436522
27
447435
27
458620
27
470085
27
481837
27
493882
27
