100
1
102
0
104
1
106
1
108
1
110
1
112
1
114
1
116
1
118
1
120
1
123
1
126
1
129
1
132
1
135
1
138
1
141
1
144
1
147
1
150
1
153
1
156
1
159
1
162
1
166
1
170
1
174
1
178
2
182
1
186
1
190
2
194
1
198
2
202
2
207
1
212
2
217
1
222
2
227
2
232
1
237
1
242
1
248
1
254
1
260
1
266
1
272
1
278
0
284
1
291
1
298
1
305
0
312
1
319
1
326
1
334
0
342
1
350
1
358
1
366
1
375
1
384
1
393
1
402
1
412
1
422
1
432
1
442
2
453
1
464
1
475
2
486
1
498
2
510
1
522
2
535
2
548
2
561
2
575
2
589
2
603
2
618
2
633
2
648
3
664
2
680
3
697
2
714
3
731
4
749
3
767
3
786
6
805
6
825
7
845
7
866
7
887
7
909
7
931
8
954
8
977
8
1001
8
1026
9
1051
6
1077
6
1103
6
1130
6
1158
5
1186
6
1215
5
1245
6
1276
7
1307
5
1339
7
1372
7
1406
7
1441
7
1477
6
1513
8
1550
7
1588
8
1627
7
1667
8
1708
9
1750
8
1793
9
1837
8
1882
10
1929
10
1977
10
2026
10
2076
10
2127
11
2180
11
2234
11
2289
12
2346
12
2404
12
2464
12
2525
13
2588
12
2652
13
2718
13
2785
15
2854
14
2925
15
2998
15
3072
15
3148
16
3226
16
3306
17
3388
17
3472
18
3558
17
3646
18
3737
19
3830
42
3925
34
4023
33
4123
35
4226
33
4331
21
4439
22
4549
22
4662
22
4778
23
4897
24
5019
26
5144
26
5272
26
5403
27
5538
28
5676
29
5817
29
5962
30
6111
31
6263
32
6419
32
6579
33
6743
34
6911
34
7083
35
7260
36
7441
37
7627
37
7817
39
8012
40
8212
41
8417
42
8627
43
8842
53
9063
58
9289
47
9521
52
9759
76
10002
37
