100
0
102
0
104
0
106
0
108
0
110
0
112
0
114
0
116
0
118
0
120
0
123
0
126
0
129
0
132
0
135
0
138
0
141
0
144
0
147
0
150
0
153
0
156
0
159
0
162
0
166
0
170
0
174
0
178
0
182
0
186
0
190
0
194
0
198
0
202
0
207
0
212
0
217
0
222
0
227
0
232
0
237
0
242
0
248
0
254
0
260
0
266
0
272
0
278
0
284
0
291
0
298
0
305
0
312
0
319
0
326
0
334
0
342
0
350
0
358
0
366
0
375
0
384
0
393
0
402
0
412
0
422
0
432
0
442
0
453
0
464
0
475
0
486
0
498
0
510
0
522
0
535
0
548
0
561
0
575
0
589
0
603
0
618
0
633
1
648
0
664
0
680
0
697
0
714
0
731
0
749
0
767
0
786
0
805
1
825
0
845
0
866
0
887
0
909
0
931
0
954
0
977
0
1001
0
1026
0
1051
0
1077
0
1103
0
1130
0
1158
0
1186
0
1215
0
1245
0
1276
0
1307
0
1339
0
1372
0
1406
0
1441
1
1477
0
1513
0
1550
0
1588
1
1627
0
1667
0
1708
0
1750
0
1793
0
1837
0
1882
1
1929
0
1977
0
2026
0
2076
0
2127
0
2180
0
2234
0
2289
0
2346
0
2404
0
2464
0
2525
0
2588
0
2652
0
2718
0
2785
0
2854
0
2925
0
2998
0
3072
0
3148
0
3226
1
3306
0
3388
0
3472
1
3558
0
3646
0
3737
1
3830
0
3925
1
4023
0
4123
0
4226
1
4331
1
4439
0
4549
1
4662
1
4778
0
4897
0
5019
1
5144
0
5272
1
5403
0
5538
1
5676
1
5817
1
5962
1
6111
0
6263
1
6419
1
6579
1
6743
1
6911
1
7083
1
7260
1
7441
1
7627
1
7817
1
8012
1
8212
1
8417
1
8627
2
8842
1
9063
2
9289
1
9521
2
9759
2
10002
2
10252
2
10508
2
10770
2
11039
2
11314
2
11596
2
11885
3
12182
2
12486
3
12798
2
13117
3
13444
3
13780
3
14124
3
14477
3
14838
3
15208
3
15588
4
15977
3
16376
4
16785
4
17204
3
17634
4
18074
4
18525
4
18988
4
19462
4
19948
4
20446
4
20957
5
21480
5
22017
5
22567
5
23131
5
23709
5
24301
6
24908
5
25530
6
26168
6
26822
6
27492
6
28179
6
28883
6
29605
7
30345
7
31103
7
31880
7
32677
7
33493
7
34330
7
35188
8
36067
8
36968
8
37892
8
38839
9
39809
9
40804
9
41824
9
42869
9
43940
10
45038
9
46163
10
47317
10
48499
10
49711
11
50953
11
52226
11
53531
11
54869
12
56240
12
57646
12
59087
12
60564
13
62078
13
63629
13
65219
13
66849
14
68520
13
70233
15
71988
14
73787
15
75631
14
77521
15
79459
15
81445
15
83481
16
85568
16
87707
16
89899
16
92146
17
94449
16
96810
17
99230
17
101710
17
104252
17
106858
18
109529
18
112267
18
115073
18
117949
19
120897
18
123919
19
127016
19
130191
20
133445
19
136781
20
140200
20
143705
21
147297
20
150979
21
154753
21
158621
21
162586
21
166650
22
170816
21
175086
22
179463
22
183949
22
188547
23
193260
22
198091
23
203043
23
208119
23
213321
23
218654
24
224120
24
229723
24
235466
24
241352
24
247385
25
253569
24
259908
25
266405
24
273065
24
279891
24
286888
25
294060
25
301411
25
308946
25
316669
25
324585
25
332699
25
341016
25
349541
25
358279
25
367235
25
376415
26
385825
26
395470
26
405356
25
415489
27
425876
26
436522
26
447435
26
458620
26
470085
26
481837
27
493882
26
