100
0
102
0
104
0
106
0
108
0
110
0
112
0
114
0
116
0
118
0
120
0
123
0
126
0
129
0
132
0
135
0
138
0
141
0
144
0
147
0
150
0
153
0
156
0
159
0
162
0
166
1
170
0
174
0
178
0
182
1
186
0
190
0
194
0
198
1
202
1
207
0
212
1
217
0
222
2
227
0
232
0
237
1
242
0
248
1
254
1
260
0
266
0
272
1
278
1
284
1
291
1
298
0
305
1
312
1
319
0
326
1
334
1
342
1
350
0
358
1
366
1
375
1
384
1
393
1
402
1
412
2
422
1
432
2
442
1
453
2
464
2
475
2
486
2
498
3
510
2
522
3
535
3
548
3
561
3
575
4
589
3
603
4
618
4
633
5
648
4
664
5
680
5
697
6
714
6
731
6
749
6
767
7
786
9
805
14
825
16
845
16
866
17
887
18
909
17
931
13
954
12
977
11
1001
12
1026
13
1051
14
1077
15
1103
17
1130
16
1158
17
1186
19
1215
19
1245
21
1276
35
1307
41
1339
43
1372
44
1406
30
1441
27
1477
28
1513
29
1550
31
1588
32
1627
34
1667
58
1708
46
1750
39
1793
43
1837
43
1882
46
1929
49
1977
51
2026
54
2076
56
2127
59
2180
63
2234
65
2289
69
2346
75
2404
75
2464
80
2525
83
2588
88
2652
92
2718
96
2785
101
2854
107
2925
112
2998
151
3072
134
3148
175
3226
136
3306
143
3388
150
3472
198
3558
174
3646
216
3737
184
3830
235
3925
201
4023
212
4123
228
4226
233
4331
246
4439
258
4549
271
4662
284
4778
298
4897
314
5019
329
5144
346
5272
363
5403
381
5538
401
5676
421
5817
443
5962
465
6111
488
6263
513
6419
540
6579
567
6743
755
6911
656
7083
656
7260
719
7441
738
7627
763
7817
801
8012
890
8212
1034
8417
1048
8627
1059
8842
1192
9063
1260
9289
1823
9521
2084
9759
1376
10002
1584
