100
0
102
0
104
0
106
0
108
0
110
0
112
0
114
0
116
0
118
0
120
0
123
0
126
0
129
0
132
0
135
0
138
0
141
0
144
0
147
0
150
0
153
0
156
0
159
0
162
0
166
0
170
0
174
0
178
0
182
0
186
0
190
0
194
0
198
0
202
0
207
0
212
0
217
0
222
0
227
0
232
0
237
0
242
0
248
0
254
0
260
0
266
0
272
0
278
0
284
0
291
0
298
0
305
0
312
0
319
0
326
0
334
0
342
0
350
0
358
0
366
1
375
0
384
0
393
0
402
0
412
0
422
0
432
0
442
1
453
0
464
0
475
0
486
0
498
0
510
0
522
0
535
0
548
0
561
0
575
0
589
0
603
0
618
0
633
0
648
0
664
0
680
0
697
0
714
0
731
0
749
0
767
0
786
0
805
0
825
0
845
0
866
0
887
0
909
0
931
0
954
0
977
0
1001
1
1026
0
1051
0
1077
0
1103
0
1130
0
1158
0
1186
0
1215
0
1245
0
1276
0
1307
0
1339
0
1372
0
1406
0
1441
1
1477
0
1513
0
1550
0
1588
0
1627
0
1667
0
1708
0
1750
0
1793
0
1837
0
1882
0
1929
0
1977
0
2026
0
2076
0
2127
0
2180
0
2234
0
2289
0
2346
0
2404
0
2464
0
2525
0
2588
0
2652
0
2718
0
2785
0
2854
0
2925
1
2998
0
3072
0
3148
1
3226
0
3306
0
3388
0
3472
0
3558
1
3646
0
3737
1
3830
0
3925
1
4023
0
4123
1
4226
0
4331
1
4439
0
4549
0
4662
1
4778
0
4897
1
5019
0
5144
0
5272
1
5403
0
5538
1
5676
1
5817
1
5962
1
6111
0
6263
1
6419
1
6579
1
6743
1
6911
1
7083
1
7260
2
7441
1
7627
2
7817
1
8012
2
8212
1
8417
2
8627
2
8842
2
9063
1
9289
2
9521
2
9759
2
10002
2
10252
3
10508
2
10770
3
11039
3
11314
2
11596
2
11885
3
12182
2
12486
2
12798
3
13117
3
13444
4
13780
3
14124
3
14477
4
14838
4
15208
4
15588
4
15977
4
16376
4
16785
4
17204
4
17634
5
18074
4
18525
5
18988
5
19462
5
19948
5
20446
6
20957
5
21480
6
22017
6
22567
6
23131
6
23709
7
24301
7
24908
7
25530
7
26168
7
26822
7
27492
8
28179
8
28883
8
29605
8
30345
9
31103
8
31880
9
32677
9
33493
10
34330
9
35188
10
36067
10
36968
11
37892
10
38839
10
39809
12
40804
11
41824
12
42869
13
43940
13
45038
12
46163
13
47317
13
48499
14
49711
15
50953
14
52226
16
53531
16
54869
16
56240
16
57646
17
59087
17
60564
17
62078
18
63629
19
65219
18
66849
19
68520
21
70233
21
71988
21
73787
21
75631
23
77521
22
79459
24
81445
24
83481
24
85568
25
87707
26
89899
26
92146
27
94449
28
96810
29
99230
30
101710
30
104252
31
106858
31
109529
32
112267
33
115073
34
117949
35
120897
36
123919
36
127016
37
130191
39
133445
40
136781
42
140200
41
143705
42
147297
43
150979
44
154753
45
158621
48
162586
49
166650
50
170816
51
175086
53
179463
54
183949
56
188547
57
193260
58
198091
59
203043
62
208119
63
213321
64
218654
66
224120
68
229723
70
235466
71
241352
71
247385
73
253569
75
259908
79
266405
81
273065
83
279891
84
286888
88
294060
90
301411
91
308946
94
316669
96
324585
99
332699
101
341016
104
349541
106
358279
110
367235
112
376415
114
385825
118
395470
120
405356
123
415489
127
425876
130
436522
133
447435
137
458620
140
470085
143
481837
148
493882
150
