100
0
102
0
104
0
106
0
108
0
110
0
112
0
114
0
116
0
118
0
120
0
123
0
126
0
129
0
132
0
135
0
138
0
141
0
144
0
147
0
150
0
153
0
156
0
159
0
162
0
166
0
170
0
174
0
178
0
182
0
186
0
190
0
194
0
198
0
202
0
207
0
212
0
217
0
222
0
227
0
232
0
237
0
242
0
248
0
254
0
260
0
266
0
272
0
278
0
284
0
291
0
298
0
305
0
312
0
319
0
326
0
334
0
342
0
350
0
358
0
366
0
375
0
384
0
393
0
402
0
412
0
422
0
432
0
442
0
453
0
464
0
475
0
486
0
498
0
510
0
522
0
535
0
548
0
561
0
575
0
589
0
603
0
618
0
633
0
648
0
664
0
680
0
697
0
714
0
731
0
749
0
767
0
786
0
805
0
825
0
845
1
866
0
887
0
909
0
931
0
954
0
977
0
1001
0
1026
0
1051
0
1077
0
1103
0
1130
0
1158
0
1186
0
1215
0
1245
0
1276
0
1307
0
1339
0
1372
0
1406
0
1441
0
1477
0
1513
0
1550
0
1588
0
1627
0
1667
0
1708
0
1750
0
1793
0
1837
0
1882
0
1929
0
1977
0
2026
0
2076
0
2127
0
2180
0
2234
0
2289
0
2346
0
2404
0
2464
0
2525
0
2588
0
2652
0
2718
0
2785
0
2854
0
2925
0
2998
0
3072
0
3148
0
3226
0
3306
0
3388
0
3472
0
3558
0
3646
0
3737
0
3830
0
3925
0
4023
1
4123
0
4226
0
4331
0
4439
1
4549
0
4662
0
4778
1
4897
1
5019
0
5144
1
5272
0
5403
1
5538
0
5676
1
5817
1
5962
1
6111
0
6263
0
6419
1
6579
1
6743
1
6911
1
7083
1
7260
1
7441
2
7627
1
7817
1
8012
2
8212
1
8417
2
8627
2
8842
1
9063
2
9289
2
9521
2
9759
1
10002
2
10252
3
10508
2
10770
2
11039
2
11314
3
11596
2
11885
3
12182
2
12486
3
12798
3
13117
3
13444
3
13780
3
14124
3
14477
3
14838
4
15208
3
15588
4
15977
4
16376
4
16785
4
17204
4
17634
4
18074
5
18525
4
18988
5
19462
5
19948
5
20446
5
20957
5
21480
6
22017
5
22567
6
23131
6
23709
6
24301
6
24908
7
25530
6
26168
7
26822
7
27492
7
28179
8
28883
7
29605
8
30345
8
31103
9
31880
8
32677
9
33493
9
34330
9
35188
10
36067
10
36968
10
37892
10
38839
11
39809
10
40804
11
41824
11
42869
12
43940
12
45038
13
46163
13
47317
13
48499
14
49711
13
50953
15
52226
14
53531
15
54869
16
56240
16
57646
16
59087
17
60564
18
62078
17
63629
18
65219
19
66849
19
68520
19
70233
20
71988
21
73787
21
75631
21
77521
33
79459
24
81445
24
83481
25
85568
25
87707
27
89899
26
92146
27
94449
28
96810
29
99230
30
101710
30
104252
31
106858
32
109529
32
112267
34
115073
34
117949
36
120897
36
123919
37
127016
37
130191
38
133445
39
136781
39
140200
42
143705
42
147297
43
150979
44
154753
45
158621
47
162586
50
166650
50
170816
51
175086
54
179463
52
183949
54
188547
55
193260
57
198091
59
203043
59
208119
61
213321
64
218654
64
224120
66
229723
68
235466
70
241352
71
247385
73
253569
75
259908
77
266405
79
273065
80
279891
83
286888
84
294060
87
301411
90
308946
91
316669
95
324585
96
332699
98
341016
101
349541
104
358279
106
367235
109
376415
111
385825
114
395470
118
405356
121
415489
127
425876
129
436522
130
447435
133
458620
136
470085
144
481837
148
493882
149
