100
26
102
28
104
27
106
26
108
33
110
15
112
18
114
15
116
14
118
14
120
14
123
16
126
15
129
22
132
21
135
17
138
16
141
17
144
16
147
17
150
17
153
17
156
19
159
25
162
21
166
22
170
22
174
18
178
17
182
17
186
16
190
17
194
17
198
16
202
17
207
16
212
16
217
17
222
16
227
16
232
16
237
16
242
17
248
17
254
17
260
19
266
20
272
19
278
18
284
19
291
20
298
19
305
19
312
18
319
20
326
19
334
19
342
20
350
19
358
19
366
19
375
21
384
19
393
19
402
20
412
20
422
19
432
19
442
19
453
18
464
19
475
19
486
18
498
25
510
33
522
39
535
29
548
40
561
41
575
31
589
23
603
21
618
23
633
22
648
23
664
22
680
23
697
21
714
22
731
22
749
23
767
23
786
22
805
22
825
23
845
22
866
23
887
22
909
22
931
23
954
22
977
26
1001
32
1026
45
1051
35
1077
26
1103
35
1130
46
1158
46
1186
39
1215
26
1245
25
1276
25
1307
25
1339
26
1372
25
1406
25
1441
26
1477
24
1513
26
1550
25
1588
37
1627
45
1667
37
1708
25
1750
26
1793
25
1837
25
1882
26
1929
25
1977
25
2026
26
2076
28
2127
28
2180
29
2234
42
2289
50
2346
37
2404
27
2464
28
2525
28
2588
29
2652
28
2718
28
2785
27
2854
29
2925
28
2998
28
3072
28
3148
29
3226
28
3306
27
3388
28
3472
29
3558
28
3646
28
3737
28
3830
28
3925
29
4023
27
4123
41
4226
44
4331
72
4439
58
4549
42
4662
44
4778
41
4897
41
5019
42
5144
42
5272
43
5403
41
5538
43
5676
41
5817
43
5962
42
6111
42
6263
42
6419
42
6579
41
6743
41
6911
43
7083
43
7260
41
7441
42
7627
43
7817
41
8012
43
8212
35
8417
34
8627
33
8842
33
9063
34
9289
34
9521
33
9759
33
10002
34
10252
34
10508
33
10770
34
11039
34
11314
34
11596
34
11885
34
12182
33
12486
52
12798
56
13117
34
13444
34
13780
36
14124
48
14477
49
14838
34
15208
54
15588
53
15977
33
16376
33
16785
36
17204
36
17634
38
18074
39
18525
39
18988
47
19462
45
19948
37
20446
37
20957
36
21480
37
22017
37
22567
37
23131
36
23709
37
24301
37
24908
37
25530
43
26168
42
26822
37
27492
36
28179
38
28883
61
29605
62
30345
37
31103
36
31880
37
32677
37
33493
40
34330
40
35188
46
36067
46
36968
45
37892
39
38839
53
39809
71
40804
61
41824
39
42869
39
43940
40
45038
47
46163
62
47317
45
48499
39
49711
47
50953
54
52226
49
53531
70
54869
43
56240
39
57646
39
59087
40
60564
40
62078
39
63629
40
65219
39
66849
42
68520
43
70233
42
71988
43
73787
42
75631
43
77521
42
79459
42
81445
43
83481
43
85568
43
87707
42
89899
43
92146
42
94449
43
96810
42
99230
42
101710
43
104252
42
106858
42
109529
43
112267
43
115073
43
117949
42
120897
43
123919
42
127016
42
130191
43
133445
45
136781
48
140200
69
143705
53
147297
45
150979
45
154753
45
158621
45
162586
46
166650
45
170816
44
175086
45
179463
46
183949
45
188547
44
193260
46
198091
45
203043
45
208119
45
213321
49
218654
80
224120
47
229723
46
235466
45
241352
44
247385
46
253569
46
259908
45
266405
49
273065
48
279891
47
286888
48
294060
48
301411
47
308946
48
316669
47
324585
48
332699
66
341016
76
349541
47
358279
50
367235
50
376415
51
385825
50
395470
50
405356
50
415489
56
425876
53
436522
48
447435
47
458620
50
470085
62
481837
80
493882
94
506229
93
518884
75
531856
53
545152
53
558780
54
572749
54
587067
78
601743
60
616786
61
632205
66
648010
59
664210
50
680815
50
697835
50
715280
51
733162
50
751491
50
770278
51
789534
51
809272
50
829503
50
850240
51
871496
50
893283
50
915615
51
938505
50
961967
50
986016
50
