0
0
0
0
0
0
0
0
0
0
0
0
0
0
0
0
0
0
0
1
1
0
1
0
0
1
1
1
0
1
1
1
1
1
2
1
2
1
1
1
1
1
1
1
1
2
2
2
1
1
1
1
1
2
3
1
1
1
2
2
2
1
2
2
2
2
2
3
2
2
3
3
3
3
3
3
3
2
3
3
3
2
3
3
3
4
3
3
4
3
13
5
3
4
3
4
3
5
5
4
4
3
4
4
3
4
4
4
5
4
4
4
4
5
5
6
5
6
5
5
6
5
4
5
6
6
6
5
6
6
7
5
6
7
6
5
6
6
6
7
7
5
7
7
6
6
7
6
7
7
6
8
7
6
8
8
7
6
6
7
8
8
8
7
8
7
8
8
7
7
8
7
8
7
8
8
9
8
8
9
13
13
14
13
9
8
9
9
8
9
9
10
11
17
17
16
11
9
9
9
9
9
8
9
10
10
9
10
10
10
10
11
13
16
15
13
10
17
19
19
14
11
10
10
10
10
10
10
11
11
11
11
13
16
14
14
15
19
16
17
12
11
11
11
11
11
12
11
16
19
20
16
13
12
13
13
13
15
18
18
18
12
12
12
12
13
13
13
13
13
13
13
13
14
13
14
13
14
14
13
13
14
14
14
14
13
13
13
13
13
13
13
14
13
13
13
13
14
14
14
14
14
15
15
14
14
14
14
14
14
15
14
14
15
14
14
14
14
14
27
20
17
18
16
16
16
16
16
15
22
23
28
28
23
27
26
19
17
16
16
17
17
19
18
18
20
20
19
20
20
18
19
19
19
18
20
19
18
19
18
18
17
18
30
31
36
34
36
35
35
30
19
19
18
19
24
29
24
19
19
18
19
20
19
20
20
20
20
20
21
20
20
21
21
21
20
18
19
20
19
18
19
20
20
20
19
20
19
19
20
20
20
20
20
20
20
20
21
21
34
37
24
20
21
30
31
27
21
25
22
21
21
20
21
22
24
41
45
21
22
23
22
24
32
39
22
21
24
26
24
24
22
22
22
23
23
22
22
22
22
29
34
31
22
23
23
23
22
23
23
23
23
22
23
22
22
23
23
24
23
23
43
43
43
43
43
41
43
43
44
43
43
43
43
43
43
43
44
43
43
43
44
43
44
44
46
43
44
45
45
45
44
45
44
45
44
45
46
46
45
46
45
46
46
46
46
47
46
47
47
47
46
47
46
47
48
48
47
49
47
48
47
48
48
48
48
52
48
49
49
49
48
49
50
55
48
49
49
50
50
49
50
50
50
50
50
50
50
49
51
50
51
50
51
52
51
51
51
51
52
52
52
51
51
52
50
53
52
53
53
52
53
53
53
54
54
53
54
54
51
53
53
53
53
54
53
54
54
53
54
54
53
54
54
53
54
55
56
54
55
55
54
55
55
56
56
56
55
56
56
56
56
56
56
57
56
57
57
58
57
58
57
56
58
58
58
58
58
57
57
57
58
58
58
57
55
58
57
61
58
64
63
64
59
63
59
62
66
59
53
58
59
60
60
60
60
60
60
60
60
60
60
61
61
61
61
61
61
61
60
62
61
61
61
61
62
62
62
62
58
61
63
61
60
63
61
63
63
62
63
69
62
64
63
69
66
63
59
62
64
65
63
65
67
71
70
67
65
68
70
70
68
39
38
43
39
44
53
46
38
44
56
58
58
43
36
37
37
37
37
37
37
37
37
37
37
45
49
38
37
38
37
38
42
43
56
43
37
38
38
38
38
38
38
38
38
38
38
37
38
39
38
38
38
39
45
68
39
39
39
40
39
39
40
43
43
42
39
39
40
39
40
40
39
39
39
40
40
40
39
39
52
74
49
73
42
41
40
41
41
41
41
41
41
41
41
41
41
41
42
47
62
42
42
42
42
42
48
63
50
70
42
42
41
44
43
41
43
42
43
42
43
42
43
43
43
43
42
43
43
43
43
43
43
44
43
43
44
44
44
44
43
43
44
44
44
44
43
44
44
44
44
43
44
44
45
46
44
44
66
68
45
45
45
45
45
45
45
45
44
44
45
45
46
45
45
46
45
45
45
45
46
45
46
46
45
45
46
46
46
47
46
45
46
47
46
47
46
47
64
70
46
46
46
46
47
58
58
46
47
48
47
48
47
47
48
48
47
47
48
48
48
48
48
48
48
47
47
49
48
47
48
49
48
48
48
48
48
83
52
48
48
48
50
49
49
49
49
48
49
49
49
49
49
50
49
49
49
49
50
50
50
50
50
50
50
50
50
51
50
51
50
50
49
50
50
50
51
52
51
51
51
51
51
51
51
50
51
51
51
51
51
51
51
50
51
51
52
74
54
51
52
52
51
52
52
51
51
52
52
53
52
52
52
52
53
53
77
69
70
63
53
53
53
54
53
91
55
53
53
54
53
53
53
54
54
57
80
54
54
53
53
54
54
54
53
53
53
53
53
54
54
54
54
54
54
85
64
60
89
55
54
55
55
55
56
55
55
94
57
55
55
55
56
56
56
56
55
55
56
55
55
56
56
56
55
56
56
56
56
56
57
56
56
57
56
56
57
57
57
56
57
57
57
58
57
58
58
58
57
58
58
58
58
57
57
58
57
58
58
58
58
57
57
58
58
58
58
58
58
58
59
59
58
58
58
58
59
59
59
59
59
59
58
59
59
59
59
58
60
59
59
60
59
59
60
60
60
60
59
59
59
59
59
59
60
60
60
59
60
60
61
60
60
60
60
60
61
61
60
61
60
61
61
61
61
61
61
61
62
61
61
61
62
61
63
61
62
61
62
62
62
63
62
62
62
62
62
62
62
62
62
62
62
63
75
67
62
62
62
62
63
63
63
63
63
63
63
63
63
63
63
63
64
64
63
63
63
63
63
64
64
64
64
63
64
63
64
78
73
65
65
65
65
66
65
64
66
111
65
65
66
66
65
66
66
65
65
66
65
65
65
66
65
65
66
66
93
71
67
110
67
66
67
66
67
67
77
95
66
68
67
67
67
67
67
67
67
68
67
88
78
67
67
67
67
67
67
67
67
67
67
68
68
68
68
89
101
68
68
68
69
69
68
69
69
68
68
69
68
68
68
69
69
68
69
69
69
69
69
69
70
75
105
71
70
70
69
69
70
71
70
71
70
70
71
70
70
70
70
70
70
70
70
71
70
70
71
71
71
71
71
71
79
71
71
71
71
72
71
71
72
72
72
72
71
73
112
73
110
72
73
72
72
73
73
81
77
72
73
73
72
72
73
73
73
73
73
114
73
73
72
73
75
73
73
74
73
73
73
73
73
74
74
74
74
74
74
74
74
75
92
116
74
74
75
74
75
75
74
75
77
114
75
75
75
81
75
75
75
74
74
75
75
75
119
76
75
76
76
76
76
76
121
76
76
77
76
77
108
123
80
76
76
76
76
76
117
76
76
76
104
90
77
77
78
77
76
114
81
77
77
78
77
81
91
77
77
77
77
78
77
77
78
78
78
77
78
79
79
78
79
79
79
79
79
79
78
79
79
80
79
79
78
79
79
79
79
79
80
80
80
80
80
80
79
80
81
80
79
79
121
79
80
81
80
81
80
80
80
80
80
80
97
102
110
91
81
81
81
81
81
81
82
81
81
82
82
82
81
81
82
82
82
81
82
82
82
82
82
82
82
82
83
82
82
82
82
82
89
101
84
84
111
82
83
83
82
83
83
90
82
83
83
83
83
83
83
83
83
83
82
83
84
109
90
83
84
84
84
84
84
88
101
84
84
84
85
104
106
99
110
85
88
84
84
84
85
85
85
86
126
101
89
86
85
84
86
86
86
86
86
86
86
97
102
86
98
115
132
86
87
87
87
86
86
131
87
88
95
87
87
86
86
87
117
86
86
89
87
87
105
97
88
87
87
87
88
88
87
87
88
88
88
87
88
88
88
89
88
88
87
88
88
88
88
89
89
89
88
88
88
89
89
89
89
89
89
89
93
126
89
90
90
90
135
89
89
90
91
89
90
89
114
107
90
90
90
90
91
90
90
90
91
91
91
91
90
91
91
92
92
140
91
91
91
91
91
92
91
92
103
111
93
123
91
91
92
92
92
91
91
91
91
93
92
92
92
92
92
93
92
93
93
93
93
92
93
93
93
94
93
92
93
93
93
93
94
94
94
94
93
93
93
93
94
94
94
95
94
93
94
94
94
94
94
94
94
94
95
95
95
94
95
135
95
99
129
95
95
95
95
95
94
95
95
94
117
95
95
96
95
96
96
96
96
99
133
96
96
96
97
95
96
96
96
98
98
97
97
97
96
96
97
97
97
97
98
97
98
97
96
97
97
123
105
98
98
97
98
98
98
97
98
98
98
98
99
99
99
99
98
98
98
98
98
98
99
99
99
98
98
98
99
98
99
99
99
99
99
99
99
99
99
99
99
99
99
99
100
99
109
119
101
99
99
107
133
100
100
101
101
100
100
100
100
100
101
101
100
100
146
132
101
102
101
101
101
102
101
101
101
125
118
102
102
102
102
102
102
103
124
102
102
102
101
102
102
102
102
