0
0
0
0
0
0
0
0
0
0
0
0
0
0
0
0
0
0
0
0
0
0
0
0
0
0
0
0
0
0
0
0
0
0
0
0
0
0
0
0
0
0
0
0
0
0
0
0
0
0
0
0
0
0
0
0
1
0
0
0
0
0
0
0
0
0
0
0
0
0
0
0
0
0
0
0
0
0
0
0
1
0
0
0
1
1
0
1
0
1
0
0
1
0
1
0
1
0
1
0
1
0
0
1
0
1
1
0
1
1
0
1
1
1
0
1
1
1
1
0
1
1
1
1
1
1
2
1
1
1
1
1
1
1
1
1
1
1
2
1
1
1
1
2
1
1
1
2
1
1
2
1
1
2
1
1
2
1
2
1
2
1
2
1
2
1
2
1
2
2
1
2
2
2
2
2
2
2
2
2
1
2
2
3
2
2
1
1
2
2
2
2
2
2
2
2
2
2
2
3
2
2
2
2
2
2
2
3
2
2
2
3
2
2
2
3
2
2
3
2
3
2
2
3
2
3
2
3
2
3
2
3
2
3
3
2
3
2
3
3
3
2
3
3
2
3
3
3
3
2
3
3
3
3
3
3
3
3
3
3
3
3
3
3
3
3
3
3
3
3
3
4
3
3
3
3
4
3
3
4
3
3
3
4
3
4
3
3
4
3
4
3
4
3
4
3
4
3
4
4
3
4
3
4
4
3
4
4
4
3
4
5
4
4
3
4
4
4
4
4
4
5
4
3
4
4
4
4
5
4
18
9
9
8
6
5
4
5
4
4
4
4
5
4
4
5
4
4
5
4
5
5
4
6
5
4
4
5
5
5
5
4
5
4
5
4
5
5
4
5
5
4
5
5
5
4
5
5
5
5
4
5
5
5
5
5
5
5
5
6
5
5
5
5
5
5
5
5
5
5
5
6
5
5
5
5
6
5
5
5
6
5
5
6
5
5
6
5
6
5
5
6
5
6
5
6
5
6
6
5
6
5
6
6
5
6
6
5
6
6
6
5
6
6
6
6
5
6
6
6
6
6
6
6
6
6
6
6
6
6
6
6
6
7
6
6
7
6
6
6
6
7
6
6
6
7
6
6
7
6
7
7
6
6
7
6
7
6
7
6
7
6
7
7
6
7
6
7
7
6
7
7
6
7
7
7
6
7
7
7
7
6
7
7
7
7
7
7
7
7
7
7
7
7
7
7
7
7
7
7
7
7
8
7
7
7
7
8
8
8
8
7
7
8
7
7
8
7
7
7
7
8
7
8
7
8
7
8
7
8
7
8
8
7
8
8
7
8
8
7
8
8
8
7
8
8
8
8
8
7
8
8
8
8
8
8
8
9
8
8
8
8
8
8
8
9
8
8
8
8
10
12
15
15
16
16
14
11
8
8
9
9
9
8
8
9
8
9
8
9
8
9
8
10
8
9
9
8
9
8
9
9
9
8
9
9
8
9
9
9
9
8
9
9
9
9
9
9
9
9
9
9
9
9
9
9
9
9
9
9
9
9
9
10
9
9
9
9
10
10
9
10
9
9
10
9
9
10
9
9
10
9
10
9
10
9
10
9
10
9
10
10
9
10
9
10
10
9
10
10
10
9
10
10
10
10
9
10
10
10
10
10
10
10
10
10
10
10
10
10
10
10
10
10
10
10
10
10
11
10
10
10
10
11
10
10
11
10
10
11
10
10
11
10
10
11
10
11
10
11
10
11
10
11
10
11
10
11
11
11
11
11
10
11
11
10
11
11
11
10
11
11
11
11
11
10
11
12
11
10
11
11
11
11
11
11
12
16
21
21
21
17
12
12
11
12
11
11
11
11
12
11
11
12
11
11
12
15
20
22
21
21
14
12
11
12
11
12
11
12
11
12
11
12
12
11
12
12
11
12
12
11
12
12
12
12
14
20
22
22
21
14
12
12
12
12
12
12
12
12
12
12
12
12
12
12
12
12
12
12
13
12
12
12
13
12
12
12
13
12
12
13
12
13
12
12
13
12
13
12
13
12
13
12
13
12
13
12
13
13
12
13
13
12
14
13
13
12
13
13
13
12
13
13
13
13
13
13
13
12
13
13
13
13
13
13
13
13
14
13
13
13
13
13
13
13
14
13
13
13
14
13
13
13
14
13
13
14
13
13
13
13
14
13
14
13
14
13
14
13
14
13
14
14
13
14
13
14
14
13
14
14
14
13
14
14
14
14
13
14
14
14
14
14
14
14
14
14
14
13
14
14
14
14
14
14
14
14
14
14
15
14
14
14
14
15
14
14
14
15
14
14
15
14
14
15
14
15
14
15
14
15
14
15
14
15
14
15
15
15
15
14
15
15
14
15
16
14
15
15
15
15
14
15
15
15
15
15
14
15
15
15
15
15
15
17
19
20
20
17
15
15
15
15
16
15
15
15
15
16
15
15
15
16
15
15
16
15
15
16
15
15
16
15
16
15
16
15
17
15
16
15
16
16
15
16
15
16
16
15
16
16
16
15
16
16
16
15
16
16
16
16
16
16
16
15
16
16
16
16
16
16
16
16
17
16
16
16
17
26
30
30
23
16
16
17
16
16
16
17
16
16
17
16
16
17
16
16
17
16
17
16
17
16
17
16
17
16
17
17
16
17
16
17
17
16
17
17
17
16
17
17
17
16
17
17
17
17
17
20
22
22
22
19
17
17
17
17
17
17
17
18
17
17
17
17
17
17
18
17
17
17
18
17
17
17
18
18
17
18
17
18
17
17
18
17
18
17
18
17
18
17
18
17
17
18
17
18
18
17
18
18
17
18
17
17
18
18
23
32
33
28
18
18
18
18
18
18
19
18
18
18
18
18
18
18
18
18
18
19
18
18
18
18
19
18
18
18
19
18
18
18
18
18
19
18
18
19
18
19
18
18
19
18
19
18
19
19
18
19
18
18
19
18
19
19
18
19
19
19
18
19
19
19
19
18
19
19
19
19
19
19
19
19
19
19
19
19
19
19
19
19
19
19
19
19
19
19
19
20
19
19
19
19
20
19
19
20
19
19
20
19
19
20
19
20
19
20
19
20
19
20
19
20
19
20
19
20
20
19
20
20
23
35
37
29
20
20
19
20
20
20
20
20
19
20
20
20
20
20
20
20
20
20
20
20
20
20
20
21
20
20
20
20
21
20
20
20
21
20
20
20
21
20
20
21
20
21
20
20
21
20
21
20
21
20
21
20
21
21
20
21
20
21
21
20
21
21
20
21
21
21
20
21
21
21
21
21
20
21
21
21
21
21
21
21
21
21
21
21
21
21
21
21
22
21
21
21
21
21
22
21
21
21
22
21
21
22
21
21
22
22
21
21
22
21
22
21
22
21
22
21
22
21
22
21
22
22
21
22
21
22
22
21
22
22
22
21
22
22
22
22
21
22
22
22
22
22
22
22
22
22
22
22
22
22
22
22
22
22
22
22
22
22
23
22
22
22
22
23
22
22
22
23
23
36
41
35
22
23
22
23
22
23
22
23
22
23
22
23
22
23
23
22
23
22
22
23
23
22
23
23
22
22
23
23
23
23
22
23
23
23
23
23
23
23
23
23
23
23
23
23
23
23
23
23
24
23
23
23
24
23
23
23
23
24
23
23
24
23
23
24
23
23
24
23
24
23
24
23
24
28
41
42
27
24
23
24
26
33
36
30
24
24
23
23
24
25
35
44
34
24
23
24
24
24
24
24
24
24
27
42
44
28
29
43
41
25
24
24
24
25
24
24
28
24
24
24
24
25
24
24
25
24
24
25
24
24
25
24
24
25
24
25
24
25
24
25
24
25
25
24
25
24
25
25
24
25
25
24
25
25
25
24
25
25
25
25
25
24
25
25
25
25
25
25
25
25
25
25
25
25
25
25
25
25
26
25
25
25
25
25
26
25
25
25
26
25
25
26
25
25
26
25
25
26
25
26
25
26
25
26
25
26
25
26
25
26
26
25
26
26
25
26
26
25
26
26
26
26
25
26
26
26
26
25
26
26
26
26
26
26
26
26
26
26
26
27
26
26
26
26
26
26
27
26
26
26
26
27
26
26
26
27
26
26
27
26
26
27
26
27
26
27
26
27
26
27
26
27
26
27
26
27
26
26
27
27
26
27
27
26
27
27
27
26
27
27
27
27
27
27
26
27
27
27
27
27
27
27
27
27
27
27
27
28
27
27
27
27
27
27
28
27
27
27
28
27
27
28
27
27
28
27
27
28
27
28
27
28
27
27
28
28
27
28
27
28
28
27
28
27
27
28
27
28
28
28
27
28
28
28
28
27
28
28
28
28
28
28
28
28
28
27
28
28
28
28
28
41
51
34
28
28
28
28
28
29
28
28
28
28
29
28
28
28
29
28
31
49
50
30
28
29
28
29
28
29
28
29
28
40
52
36
29
28
29
29
28
29
31
49
51
30
29
29
29
29
28
29
29
29
29
29
29
31
52
48
29
29
29
29
29
29
29
29
29
30
29
29
29
29
29
29
30
29
29
29
29
30
29
30
29
30
29
29
30
32
53
48
30
29
30
29
30
29
30
30
29
30
29
30
30
29
30
30
29
30
30
30
29
30
30
30
30
30
29
30
30
30
30
30
30
30
30
30
30
30
30
30
30
30
31
30
30
30
30
30
30
31
30
30
30
31
30
30
30
31
30
30
31
30
30
31
30
31
30
31
30
31
30
31
30
31
30
32
52
53
32
30
31
31
31
30
31
31
31
30
31
31
31
31
33
39
40
31
31
31
31
31
31
31
31
31
31
31
31
31
31
31
31
31
31
32
31
31
31
31
49
56
34
32
31
32
31
31
32
31
31
31
31
32
31
32
31
36
57
48
31
32
31
32
53
55
33
31
32
32
31
32
32
33
45
48
39
57
45
32
32
32
31
32
32
32
32
32
32
33
32
33
32
32
32
32
32
32
32
33
32
32
32
32
33
32
32
33
32
32
33
32
32
33
33
32
32
33
32
33
32
33
32
33
32
33
32
33
32
33
33
32
33
33
32
33
33
32
33
33
33
32
46
60
39
33
32
33
33
33
33
33
33
33
33
36
57
53
33
33
33
33
33
33
34
33
33
33
33
34
33
33
33
33
34
33
33
34
33
33
33
33
34
33
34
33
33
34
33
34
54
58
35
33
34
34
33
34
34
33
34
34
34
33
34
34
34
34
33
34
34
34
34
34
34
34
34
35
34
34
34
34
34
35
44
52
36
34
34
44
62
38
34
34
34
35
34
34
35
34
34
35
34
34
35
34
35
34
34
34
34
36
49
52
36
35
34
35
35
34
35
34
38
61
51
35
34
35
35
35
34
35
35
35
35
35
35
34
35
35
35
35
35
35
35
35
35
35
35
36
35
35
35
35
35
36
35
35
35
35
35
35
35
36
35
35
36
35
35
36
35
36
35
35
36
35
36
35
36
36
35
36
35
36
36
35
36
36
35
36
36
35
36
36
36
35
36
36
37
36
40
40
36
36
36
36
36
36
36
36
36
36
36
36
36
36
36
36
36
36
36
36
37
36
36
36
37
36
44
66
45
36
36
37
36
36
37
59
59
37
37
37
36
37
36
37
36
37
37
36
37
36
36
37
37
36
37
38
62
55
37
47
66
40
37
36
37
37
37
37
37
37
37
37
37
37
37
37
37
37
37
37
38
63
56
38
37
37
37
37
37
38
37
37
37
38
37
37
38
37
37
39
37
37
38
37
38
37
38
37
38
37
38
37
38
38
37
38
37
57
63
38
38
38
37
38
38
38
38
37
38
38
38
38
38
38
38
38
48
69
42
38
38
38
38
38
38
64
58
38
38
39
38
38
38
38
39
38
38
39
38
50
67
39
38
39
38
39
38
38
39
38
39
38
39
38
39
38
39
59
64
38
39
39
38
39
65
58
39
38
39
39
39
38
39
39
45
71
43
38
38
39
39
39
39
39
39
39
39
39
39
40
39
39
39
39
39
39
40
39
39
39
40
39
39
39
40
39
39
40
39
40
39
39
40
39
40
40
39
40
39
40
39
40
40
39
40
39
40
40
39
40
40
39
40
40
39
40
40
40
40
39
40
40
59
66
40
40
40
40
40
40
40
41
40
40
40
40
40
40
40
40
41
40
40
40
40
40
40
40
41
40
40
41
40
40
41
40
41
40
41
40
41
40
41
40
41
40
41
41
40
41
40
41
41
40
41
46
74
45
40
46
52
45
41
41
41
41
41
41
41
41
41
41
41
41
41
41
41
41
41
41
41
41
41
41
41
42
41
42
71
56
41
41
41
41
43
70
58
41
41
42
67
61
41
42
41
42
41
42
41
42
41
42
41
42
42
41
42
62
67
42
41
42
69
61
42
41
42
42
42
42
43
73
55
42
42
42
42
42
42
60
69
42
42
69
57
42
42
42
42
42
42
60
70
42
42
42
42
43
42
42
42
43
42
42
43
42
42
43
46
75
49
42
43
42
43
42
43
42
43
42
43
43
42
43
43
43
42
43
43
42
42
43
43
43
43
42
43
43
43
43
43
43
43
43
43
43
43
43
43
46
55
50
44
43
43
43
43
43
44
43
72
60
44
43
43
43
44
43
43
44
43
43
44
43
44
43
43
44
43
44
43
44
43
44
43
44
44
43
44
44
43
44
44
43
45
43
44
44
44
44
43
43
44
44
44
44
44
44
44
44
44
44
44
44
44
44
44
45
44
45
44
44
44
44
44
48
79
52
44
45
48
80
50
44
44
45
44
45
44
45
44
45
47
79
49
45
44
45
44
45
45
44
45
44
45
45
44
45
45
44
45
46
78
56
45
45
45
45
45
44
45
45
45
45
45
45
45
45
45
45
45
46
45
45
45
45
45
45
46
45
45
45
46
45
45
45
46
45
45
46
45
46
45
45
46
45
46
46
45
46
45
46
45
46
45
46
45
46
46
45
46
46
45
46
46
75
59
46
45
46
46
46
46
46
46
46
45
45
46
47
46
54
80
47
46
46
46
46
46
46
46
47
46
46
46
46
46
47
46
46
46
47
46
46
47
46
46
47
46
47
46
46
47
46
47
46
47
47
46
47
46
47
46
47
47
47
47
47
47
47
47
47
47
47
47
47
47
46
47
47
47
47
47
47
47
47
47
47
47
53
47
47
47
66
74
47
49
83
52
47
47
47
48
47
47
47
48
47
48
47
47
48
55
84
49
47
48
47
48
47
48
47
48
48
47
48
47
48
48
48
47
48
47
47
48
47
48
48
48
74
67
48
48
48
48
48
48
48
48
48
48
48
48
48
48
48
48
48
48
48
48
48
49
48
48
48
48
49
48
48
48
48
48
48
49
48
49
48
48
49
48
49
48
49
48
49
48
49
48
49
48
48
49
48
49
49
48
49
49
48
48
49
49
49
48
49
49
49
49
49
49
48
49
49
49
49
49
49
50
49
49
49
69
71
49
50
49
49
49
58
86
50
49
49
49
49
50
49
49
50
49
51
88
55
49
49
49
49
50
49
50
49
50
50
49
50
49
50
50
49
53
50
50
70
75
51
84
57
76
91
65
49
50
50
50
50
50
50
60
90
86
50
51
50
50
76
70
62
74
50
51
50
50
50
51
50
50
50
51
50
50
51
50
50
52
87
66
91
88
51
50
51
50
50
50
51
50
51
51
50
51
50
50
56
87
63
84
51
51
51
50
51
51
51
51
50
51
51
51
51
51
51
51
51
51
51
51
51
51
51
51
51
51
51
52
56
54
51
52
51
51
51
51
51
52
51
72
76
51
52
51
51
52
51
52
51
52
51
52
51
52
51
52
51
52
52
51
74
75
52
77
72
51
52
52
51
52
78
72
52
54
92
55
52
51
52
52
70
81
52
52
52
52
52
52
52
52
52
72
77
52
52
52
52
53
52
52
52
52
53
52
52
53
52
52
53
52
52
53
52
53
52
53
52
53
52
53
52
53
52
53
53
52
53
52
53
53
52
53
52
53
53
53
52
52
53
53
53
53
53
53
52
52
53
53
53
53
53
53
53
53
53
53
54
53
53
53
53
54
53
53
54
53
53
53
54
53
53
54
53
53
54
53
53
54
53
54
53
54
53
54
53
54
53
54
53
54
53
54
54
53
54
54
53
54
54
54
53
54
54
54
54
54
53
54
54
54
54
54
54
54
54
54
54
54
54
54
54
54
54
55
54
54
54
54
54
55
54
54
54
55
54
54
55
54
54
55
54
55
54
55
54
55
54
64
91
54
55
54
55
54
55
54
90
93
55
54
55
55
54
55
55
55
55
55
54
55
55
55
55
55
54
55
55
55
55
55
55
55
55
55
55
55
55
55
55
55
56
55
55
55
55
55
55
55
55
55
55
56
55
55
55
56
55
55
56
55
55
88
69
56
55
56
55
56
55
56
55
56
56
56
55
56
56
56
55
56
56
56
55
56
56
56
56
55
56
56
56
56
58
56
56
56
56
56
56
57
83
78
56
56
56
57
56
56
56
73
85
57
56
56
56
57
56
56
57
56
56
57
56
56
57
56
57
56
57
56
57
56
57
56
57
57
57
62
93
57
57
56
57
57
56
57
57
57
56
57
57
57
57
73
84
57
57
57
57
56
57
77
82
57
57
58
57
57
57
57
57
57
57
57
58
57
57
59
99
59
58
57
57
57
58
62
98
58
57
58
57
58
57
58
57
58
57
58
72
89
57
58
57
58
58
57
58
58
58
57
58
57
58
58
58
57
58
58
58
57
57
98
67
58
58
59
58
58
58
58
58
58
58
59
58
58
58
87
95
59
58
58
58
58
59
58
58
59
58
61
100
60
58
59
59
61
75
59
58
59
58
59
58
59
58
59
58
59
58
58
101
66
58
59
59
59
58
59
59
59
58
59
59
59
59
59
59
59
59
59
59
59
59
59
59
59
59
59
59
59
59
59
60
59
59
59
84
96
59
60
59
59
59
60
59
98
63
59
59
60
59
60
59
60
59
60
59
59
60
59
60
59
60
60
77
87
60
59
60
59
75
88
59
60
60
60
75
108
83
59
60
60
60
60
60
60
60
60
60
60
60
60
60
60
60
60
60
60
61
60
60
61
60
61
60
102
64
60
60
61
62
103
61
79
84
61
60
61
60
63
106
62
61
60
61
60
60
102
64
61
60
61
61
60
61
61
60
62
104
63
60
64
100
61
61
61
61
61
61
61
61
61
61
61
61
61
61
61
61
61
61
61
61
61
62
61
61
61
61
62
61
61
62
61
61
61
62
61
62
61
61
62
61
61
62
61
67
99
61
62
61
62
62
61
62
62
61
62
62
62
61
62
62
62
62
61
62
93
77
61
62
62
62
62
62
62
62
61
69
101
62
82
73
62
62
62
62
62
72
98
62
63
62
62
62
63
62
62
63
62
63
63
62
63
63
62
62
70
86
99
62
63
62
63
62
63
62
63
63
62
84
83
63
97
75
62
63
63
62
63
63
83
74
62
63
63
63
63
63
63
63
63
62
63
63
63
63
63
63
64
63
73
98
64
63
63
63
63
64
63
63
63
63
63
63
64
63
63
64
63
64
63
64
63
63
64
63
64
64
64
63
63
64
64
63
63
64
64
64
63
64
64
63
64
64
63
63
64
64
64
63
64
64
64
64
64
64
64
64
64
64
64
64
64
64
64
64
64
64
65
64
64
64
64
65
64
64
65
64
64
65
64
64
65
64
64
65
64
65
64
65
64
65
64
65
64
65
65
64
65
64
66
65
64
65
65
64
65
92
84
65
65
64
65
65
65
65
65
65
65
65
65
64
64
65
66
103
73
94
82
65
65
73
88
65
65
65
65
99
101
65
65
65
66
65
65
66
65
66
65
84
92
65
66
65
77
107
112
106
66
65
65
65
66
66
65
66
65
66
66
66
65
66
66
65
66
66
66
66
65
66
66
66
110
104
66
66
65
66
66
66
66
66
66
66
66
66
66
66
67
66
66
66
66
66
66
67
66
67
66
66
67
66
66
67
66
100
95
66
67
66
67
66
67
66
67
66
67
66
80
95
67
67
66
67
67
66
67
67
67
66
67
67
67
67
67
66
67
70
110
66
67
67
67
67
67
84
107
67
67
67
67
68
67
67
67
67
67
67
67
67
68
67
98
82
67
68
67
67
70
70
66
66
66
67
67
68
67
68
69
77
69
69
70
68
67
68
68
67
68
68
67
68
68
68
68
68
68
68
68
71
121
82
109
72
68
67
67
68
68
68
68
68
68
68
68
68
68
68
68
69
68
68
68
68
68
69
68
68
68
68
69
68
68
69
68
68
69
68
68
69
68
69
68
69
68
69
68
69
68
69
68
69
69
68
69
69
69
69
68
69
80
91
69
69
69
68
69
70
113
104
119
79
69
69
69
69
70
69
69
69
69
69
69
69
69
69
69
70
69
69
69
70
69
69
69
70
69
69
70
69
70
69
69
70
70
69
70
69
70
70
69
70
70
69
70
70
69
70
69
70
69
70
70
70
74
111
70
70
70
70
70
70
73
97
69
97
86
70
70
70
70
70
71
71
70
70
70
71
70
70
70
71
70
70
71
70
70
71
70
70
71
70
71
70
70
71
70
71
70
71
71
70
71
70
71
70
71
70
71
70
71
71
70
71
71
71
70
71
71
70
71
71
71
71
70
71
71
71
71
71
70
71
71
71
71
71
88
85
114
73
71
82
105
73
71
71
71
109
76
71
71
71
72
71
71
71
72
71
72
71
86
102
71
72
71
72
71
101
77
72
71
72
70
71
72
71
111
87
71
71
72
71
72
77
113
72
71
71
75
115
72
72
72
72
72
71
78
112
72
72
72
72
73
72
72
73
72
93
96
115
75
72
72
73
72
72
72
73
72
72
112
78
72
73
72
72
73
72
72
73
72
73
72
73
72
73
77
113
73
72
76
114
73
73
72
72
73
73
73
73
72
73
73
73
73
73
72
73
73
72
74
73
73
73
73
103
93
73
73
72
73
73
73
73
74
73
73
73
74
73
86
106
73
74
86
123
73
87
92
73
74
75
85
95
74
73
74
73
74
74
89
104
74
73
74
74
73
74
74
73
74
74
74
73
73
74
74
74
74
74
74
81
98
74
74
74
74
74
74
74
74
74
74
74
74
74
74
74
77
101
74
116
74
76
74
78
116
75
74
74
74
75
74
75
74
95
99
75
74
75
74
75
74
75
74
75
75
74
104
92
101
94
74
75
75
108
86
75
81
78
74
75
75
75
78
75
75
75
75
75
77
118
75
74
75
75
75
75
105
76
75
75
76
83
123
110
75
75
76
76
93
103
76
75
76
76
75
75
75
76
75
75
76
75
76
75
76
75
75
76
75
76
75
77
75
76
75
76
76
76
75
75
76
76
76
114
83
75
76
108
89
76
76
76
76
76
91
107
76
76
76
75
75
76
76
76
76
76
76
76
77
76
76
76
76
76
76
77
76
76
77
76
76
76
76
77
76
77
77
77
76
77
76
77
76
77
76
77
121
78
76
77
76
77
77
120
79
77
77
76
77
77
77
77
76
77
77
77
77
77
77
77
77
77
77
77
77
77
77
77
77
77
77
77
77
77
77
78
77
77
77
78
77
77
77
78
77
77
78
77
77
78
77
78
77
78
77
78
77
78
77
78
77
78
77
78
78
77
78
78
77
78
78
78
77
78
78
78
78
77
78
78
122
80
78
78
78
78
78
78
95
92
78
78
78
124
78
98
80
79
78
78
78
78
79
78
78
78
78
78
78
78
79
78
79
78
78
79
78
79
78
79
78
79
78
79
87
78
79
79
78
79
78
79
79
78
81
107
79
78
79
79
78
79
79
79
78
79
79
79
79
98
104
80
131
79
79
79
79
79
79
79
79
79
79
79
79
79
80
79
79
79
80
79
79
80
79
79
79
80
79
80
79
80
79
79
79
80
93
108
80
79
80
79
80
80
79
80
80
79
80
80
79
80
80
80
79
80
80
80
80
79
80
80
80
80
80
80
80
80
80
80
80
80
80
80
80
80
80
80
81
80
80
80
80
81
80
80
80
81
80
80
81
80
80
81
80
81
80
96
98
80
81
125
81
80
81
80
81
81
80
81
127
80
81
81
81
111
95
81
81
81
81
81
81
80
81
81
81
110
97
81
81
81
81
81
81
81
81
81
81
81
81
81
126
81
81
81
81
81
82
97
110
82
81
81
82
81
81
82
81
82
87
122
81
82
127
82
81
82
81
82
81
82
81
82
82
81
82
82
81
82
82
81
82
82
82
81
82
82
82
82
82
81
82
82
82
82
82
82
82
82
82
82
82
82
82
82
82
83
82
82
82
82
82
83
82
82
82
83
82
82
83
82
82
83
82
82
83
82
83
82
83
82
83
83
83
82
83
83
83
82
83
83
82
83
83
82
83
83
82
111
82
83
83
83
82
83
83
83
83
83
83
87
101
83
83
83
83
83
83
83
83
83
83
83
84
84
96
111
84
83
84
85
127
84
83
83
84
83
83
84
83
88
125
84
83
129
127
83
84
83
84
83
84
83
84
84
83
84
83
84
84
84
83
84
84
83
84
84
84
84
117
97
84
84
84
84
84
90
151
126
86
84
83
84
84
84
84
84
84
84
84
84
84
85
84
84
84
84
85
84
84
84
85
84
85
84
84
85
84
85
84
84
85
84
85
85
84
85
84
85
85
84
85
85
84
85
85
84
85
85
85
84
85
85
85
85
84
85
85
85
85
85
85
85
85
85
85
85
85
85
85
85
85
85
85
85
85
85
86
85
85
85
85
86
85
85
86
85
85
85
86
85
86
85
85
86
85
86
85
86
85
86
85
86
86
85
86
85
86
86
85
86
86
85
86
86
86
85
85
86
86
86
87
86
86
86
89
108
86
86
86
86
86
86
86
86
86
86
86
86
86
86
86
86
87
86
86
86
87
86
132
87
86
95
121
86
130
88
86
87
86
87
87
86
87
86
87
86
87
87
86
87
86
87
87
87
86
87
87
87
87
87
87
87
86
86
87
87
87
87
87
87
87
87
87
87
87
87
87
87
88
87
87
87
87
128
92
87
88
87
87
87
88
87
88
87
88
87
87
87
87
88
87
88
87
87
88
88
87
88
87
88
87
88
88
88
87
88
88
88
87
87
88
88
88
87
88
88
88
88
88
88
87
87
88
133
89
120
89
88
88
115
104
88
88
89
88
88
88
88
100
98
88
89
88
88
88
88
88
88
88
89
88
105
114
89
88
89
88
89
89
89
88
89
88
89
88
89
89
88
89
89
88
89
88
89
89
89
88
89
89
89
89
88
89
90
89
89
89
89
89
90
89
89
89
89
90
89
89
89
89
135
89
89
90
89
89
89
89
90
89
89
89
90
131
89
90
89
89
90
129
92
89
90
90
89
90
90
89
90
90
89
90
90
89
90
89
90
90
89
90
90
90
89
90
90
90
90
90
90
90
90
89
90
91
90
143
115
90
90
90
90
90
90
135
91
91
90
90
90
91
90
91
90
90
91
91
90
90
90
91
90
91
90
91
90
90
91
90
91
90
90
91
90
90
90
90
90
91
91
90
91
91
90
90
91
91
90
91
91
91
91
105
121
91
90
91
91
91
91
91
91
91
91
134
118
111
91
91
91
91
91
91
91
136
93
91
91
92
91
92
91
91
92
91
92
91
92
122
107
98
95
91
92
91
92
91
91
91
91
92
123
106
92
91
92
92
91
92
92
91
92
92
92
92
91
92
92
92
92
92
92
92
92
92
92
92
92
92
92
92
92
138
92
92
92
92
91
92
93
92
92
92
92
93
92
92
92
92
92
93
92
92
93
92
92
93
93
92
92
92
92
93
92
93
92
93
92
93
92
93
93
92
93
92
93
93
92
93
93
93
92
93
93
93
92
93
93
93
93
93
92
93
93
93
93
93
93
93
93
93
93
93
93
93
93
93
93
93
94
93
93
93
93
94
93
93
93
94
93
94
93
93
94
94
94
93
94
93
94
93
94
93
94
93
95
93
94
108
125
93
94
94
93
94
94
94
93
94
94
94
94
93
94
94
112
121
95
94
94
94
94
95
94
94
97
134
121
112
94
94
94
94
94
95
94
94
95
94
95
94
95
94
95
95
94
95
94
95
94
95
94
95
94
96
112
95
94
94
94
94
95
94
125
98
140
94
95
95
94
96
140
116
119
94
95
95
95
122
110
95
95
95
95
95
96
128
95
135
101
96
95
95
95
95
95
95
95
95
95
96
95
95
96
95
95
95
96
95
96
96
95
95
96
95
96
95
95
96
95
96
95
96
95
96
96
103
100
96
97
95
96
106
128
96
96
96
95
96
96
96
95
95
96
96
96
96
96
96
95
96
96
96
96
96
96
96
96
97
96
96
96
96
96
96
96
96
96
96
96
97
96
96
97
96
96
97
96
96
97
96
97
96
97
96
97
96
97
96
97
96
97
96
97
97
96
97
97
96
97
97
97
96
97
97
97
97
97
97
97
97
97
97
97
97
142
97
97
97
97
97
97
97
97
97
97
97
97
138
103
97
98
97
128
113
97
97
103
138
97
98
98
97
98
97
98
98
98
97
98
98
97
98
98
98
98
97
98
98
98
97
98
98
98
98
98
97
98
98
98
98
98
98
98
98
98
98
98
98
98
98
98
98
98
98
98
98
98
98
99
98
98
98
98
98
98
99
98
98
98
99
98
98
98
98
98
99
98
98
99
98
99
98
99
98
98
98
99
98
99
98
99
99
98
99
98
99
99
99
98
99
99
99
98
99
99
99
99
99
98
98
99
99
99
99
99
99
99
99
99
99
99
99
100
99
99
99
99
101
147
99
100
99
101
143
100
99
99
100
99
99
100
99
99
100
99
100
99
100
99
100
99
100
99
100
99
100
101
99
100
100
100
100
100
100
100
100
100
100
100
138
107
120
126
100
145
100
109
100
100
100
100
100
100
100
100
100
100
100
101
142
100
100
100
101
100
100
100
100
102
132
100
100
100
101
100
101
100
101
100
101
100
100
101
100
101
100
101
100
101
101
101
101
101
101
101
101
101
100
101
101
101
101
100
101
101
101
101
101
101
101
102
101
101
101
101
102
101
101
101
101
101
101
101
101
101
101
146
104
101
102
101
102
101
101
101
102
102
101
102
101
102
101
102
101
102
101
102
102
102
101
102
101
102
102
101
102
103
102
102
101
102
102
101
102
102
102
102
102
103
102
102
101
102
102
102
102
102
102
102
102
102
103
102
102
138
112
102
102
102
102
102
102
102
102
102
103
102
102
102
103
102
102
116
135
103
102
103
103
102
103
103
102
103
102
103
102
103
103
103
103
102
103
103
103
103
103
102
104
111
103
103
103
103
103
103
103
103
102
102
102
102
103
103
103
103
103
103
103
135
103
103
103
103
104
103
103
103
103
104
103
103
103
104
103
103
103
104
103
104
103
103
104
104
103
104
103
104
103
104
103
104
103
103
112
109
103
103
104
106
125
104
103
103
104
104
104
103
104
104
104
104
104
104
104
104
104
104
104
104
104
104
104
104
105
104
104
104
104
104
104
150
104
104
105
104
104
105
104
105
104
104
105
104
104
104
104
105
104
105
106
113
109
105
116
107
105
141
111
127
180
127
115
106
140
159
110
155
182
196
193
190
184
195
191
189
188
189
192
133
195
199
191
189
188
189
194
196
193
191
197
180
191
193
188
177
172
197
195
192
175
134
125
140
151
105
105
105
105
105
133
123
105
151
105
105
106
130
126
106
105
106
105
106
106
105
106
106
105
106
106
105
107
106
106
105
106
106
106
106
106
105
107
106
105
106
106
107
106
106
106
106
106
107
106
106
107
106
106
106
106
106
107
106
106
106
106
107
106
106
106
107
106
106
106
106
106
107
106
107
107
118
139
107
106
107
106
107
106
107
107
149
110
106
107
107
107
106
107
107
107
108
107
107
107
107
107
107
107
107
107
108
107
107
106
139
122
107
107
107
107
107
107
107
108
153
107
107
107
107
107
108
107
107
107
107
108
107
107
108
107
107
107
107
107
108
107
107
107
107
108
107
108
107
108
117
139
108
108
108
108
108
108
108
108
108
108
107
108
108
108
108
109
108
108
108
150
109
108
108
108
108
109
108
108
108
109
153
108
108
108
109
108
109
108
108
109
108
109
108
108
109
109
108
109
108
109
108
109
108
108
109
109
108
109
109
109
141
108
109
108
109
109
109
108
109
109
108
108
109
109
109
108
109
109
109
109
109
109
109
115
120
109
109
110
108
109
109
109
150
112
109
109
110
109
109
109
109
110
109
109
155
109
110
109
110
109
110
109
110
109
110
110
109
110
109
110
110
109
110
110
109
110
110
110
109
110
110
110
110
109
109
110
111
109
110
110
110
109
110
110
110
110
110
151
114
148
156
110
116
150
110
110
109
110
139
124
110
110
110
110
110
111
110
111
110
110
111
110
111
110
111
111
129
124
111
196
117
110
110
111
111
110
111
111
110
111
111
111
110
111
111
111
111
110
111
111
110
111
111
111
111
110
110
111
111
111
111
111
111
111
121
124
111
111
112
152
112
111
111
111
111
112
111
111
112
111
111
112
127
141
111
112
125
143
157
111
112
111
111
112
111
112
111
111
112
112
111
112
111
112
112
111
112
111
112
112
111
112
111
112
112
112
111
112
112
112
112
112
131
135
112
112
112
112
112
112
112
112
112
112
112
112
112
112
112
112
112
113
112
112
112
112
112
113
112
112
113
112
112
112
113
113
112
113
112
113
112
113
112
156
114
113
112
113
113
112
113
113
112
113
113
113
112
113
113
113
113
113
113
112
113
113
113
113
112
112
113
114
113
113
113
112
114
113
113
113
113
113
132
140
113
113
113
113
113
114
113
113
113
113
124
148
114
113
113
113
113
151
121
114
114
113
113
114
113
113
113
113
114
113
114
113
114
114
114
113
144
128
114
114
113
114
114
114
114
114
114
113
114
114
114
114
114
125
147
115
113
114
114
114
115
125
139
114
159
115
114
114
114
114
115
114
114
114
115
114
114
114
115
114
114
115
114
114
114
114
115
114
115
114
115
114
115
114
115
114
115
115
114
115
115
114
115
115
114
115
115
115
114
115
115
115
115
115
114
114
115
115
115
115
115
115
115
115
115
116
115
115
115
115
116
115
115
115
116
115
115
116
115
115
115
134
143
115
116
115
116
115
115
115
193
120
116
115
116
115
116
115
116
143
134
161
143
134
116
115
116
116
116
116
115
117
116
116
115
116
116
116
116
116
116
116
116
116
116
117
117
115
115
131
136
117
116
116
116
162
116
116
116
117
161
116
116
117
161
116
117
116
116
116
117
116
117
116
116
163
116
117
116
117
117
116
116
117
117
117
116
117
117
117
116
117
117
117
117
117
116
117
117
117
117
117
117
117
117
117
117
117
117
136
144
117
117
117
117
117
117
117
117
117
117
118
117
117
117
117
117
118
117
117
117
118
117
118
117
119
117
117
118
117
117
118
117
118
117
131
136
118
117
118
117
118
118
118
117
118
118
118
117
118
118
118
118
118
118
118
117
118
118
118
119
117
118
125
142
118
118
118
118
118
118
119
118
118
118
119
118
119
160
150
118
118
160
119
118
118
119
164
119
126
118
118
119
118
119
118
118
120
118
119
118
120
118
119
118
119
118
120
118
119
119
164
119
124
117
118
119
119
118
119
121
137
119
148
169
128
118
120
119
119
118
120
119
119
119
119
120
119
119
119
120
119
119
119
119
120
119
119
119
120
119
119
119
119
119
120
161
120
119
120
123
160
119
119
120
119
120
119
120
119
165
120
119
120
120
120
120
119
120
120
120
120
121
145
173
151
134
166
120
120
120
120
120
120
120
120
120
120
120
122
149
120
120
120
121
120
120
120
121
120
120
121
120
120
120
121
120
120
140
120
120
121
120
120
121
120
121
128
162
155
162
124
121
125
123
120
121
120
121
121
120
121
121
120
120
121
121
121
120
121
121
121
121
121
121
121
121
121
121
121
121
121
121
121
121
121
121
121
122
121
122
121
121
121
121
122
121
121
184
149
163
121
122
121
167
122
166
122
122
121
121
122
121
122
121
122
121
122
121
121
122
121
122
122
121
122
122
121
122
122
121
121
122
122
122
121
122
122
122
122
122
122
122
122
122
122
122
122
122
122
122
123
122
122
122
122
122
122
122
123
122
168
122
122
123
122
122
123
122
123
122
123
122
123
122
123
123
122
123
122
123
123
135
153
122
123
123
122
123
122
123
123
122
123
123
123
122
123
123
123
123
122
123
123
123
123
123
123
123
123
123
123
123
123
123
123
123
123
123
123
123
123
154
182
124
131
155
143
146
123
123
123
123
123
169
124
141
152
124
123
175
160
124
123
124
123
124
124
123
124
124
124
123
124
124
123
124
123
124
168
150
124
124
124
124
124
124
124
124
124
124
124
124
124
124
124
124
124
124
124
125
169
124
124
124
124
124
124
124
125
124
125
124
124
124
170
125
124
124
124
125
125
124
124
125
124
125
124
125
124
125
124
125
124
126
124
124
125
124
125
124
125
125
125
124
125
125
125
124
125
125
125
125
124
126
125
125
125
125
125
125
125
159
176
132
125
170
125
125
125
125
125
169
127
125
126
125
125
125
126
125
125
126
125
125
125
127
125
125
126
125
126
125
126
125
126
125
126
125
126
126
125
126
125
126
126
125
127
125
126
126
125
126
126
125
126
126
126
171
126
126
126
126
126
126
126
126
126
172
126
125
126
158
142
191
199
167
126
171
127
126
126
127
126
127
126
127
126
126
127
126
127
126
126
127
126
127
126
127
126
127
126
127
126
127
126
127
127
127
126
127
127
126
127
127
127
127
127
126
127
127
127
127
127
126
126
173
127
127
128
127
127
127
127
156
143
153
127
127
127
127
127
158
186
169
128
127
128
127
158
182
128
128
172
128
127
127
128
127
128
127
127
128
128
174
127
128
128
127
128
128
128
127
128
128
128
127
128
128
128
128
127
128
128
128
127
128
128
128
128
128
128
128
128
128
128
129
156
128
128
128
173
160
142
128
128
128
129
128
128
128
173
128
128
128
128
129
128
128
129
128
128
129
128
129
128
129
128
128
128
129
129
128
162
141
129
128
129
129
129
128
128
129
129
129
129
129
128
128
129
129
128
129
129
129
129
146
156
129
129
129
128
129
129
129
129
129
129
129
129
129
129
129
129
129
129
129
129
129
129
175
129
130
129
172
129
130
130
129
129
130
175
129
130
130
129
130
130
129
130
132
169
130
130
129
176
130
129
130
130
153
155
129
165
137
169
130
130
129
129
130
130
130
130
129
131
130
130
130
130
130
130
130
130
131
130
130
172
130
142
149
131
163
143
130
175
130
130
176
130
130
131
176
130
130
131
130
131
172
131
131
153
130
131
159
188
130
131
176
131
131
131
131
177
130
176
131
131
131
131
131
131
131
131
131
131
131
131
131
131
131
131
131
132
135
172
131
132
131
131
131
131
131
131
132
131
131
131
131
132
131
131
132
131
132
131
131
132
131
132
132
132
131
132
131
171
180
132
131
131
132
131
132
132
131
132
132
131
132
132
132
132
132
131
132
132
132
131
131
138
170
132
132
132
132
132
133
132
176
133
132
179
132
132
132
132
132
132
132
132
132
132
132
132
132
132
132
133
132
133
133
132
132
133
133
132
133
133
132
133
133
132
133
133
132
133
133
133
132
133
133
133
133
133
133
133
178
132
133
133
132
133
133
133
133
138
136
168
155
133
204
211
177
193
156
133
132
132
134
133
133
163
242
198
248
202
216
176
158
190
206
192
241
237
242
239
209
233
237
200
213
223
235
216
177
239
241
242
240
245
239
263
144
198
175
178
142
205
183
134
166
134
134
133
169
147
135
180
145
165
135
134
134
139
141
138
139
138
143
143
149
139
140
143
144
136
134
134
134
134
134
134
135
180
134
134
181
134
134
191
243
241
243
242
242
242
243
243
241
242
243
243
242
243
242
242
241
243
242
243
242
244
243
243
244
243
243
243
244
243
243
244
242
242
244
243
244
244
243
243
243
241
243
243
243
243
244
243
244
244
244
245
244
245
243
244
244
244
244
245
244
245
243
243
243
244
244
244
245
245
244
244
244
244
245
245
245
245
244
244
245
244
246
245
245
246
245
245
245
246
245
245
245
244
243
243
246
244
244
244
246
246
245
246
245
246
246
246
246
245
244
246
245
244
245
245
246
245
245
246
246
246
246
245
246
246
247
246
247
245
246
246
246
246
246
247
245
246
244
246
246
246
246
247
247
247
246
247
246
246
248
246
245
248
244
246
246
247
246
248
247
247
247
247
247
248
247
247
246
246
247
246
247
246
248
247
247
248
247
248
248
247
248
247
249
247
248
247
248
248
248
247
247
248
248
246
248
247
248
248
248
248
247
249
248
248
249
248
248
247
248
248
248
249
249
249
248
249
249
248
249
248
247
248
249
249
249
248
248
249
248
249
247
247
246
247
248
249
247
249
249
249
248
249
249
244
250
249
249
249
248
250
248
249
250
250
249
250
249
251
249
248
250
251
250
249
250
248
249
249
249
250
249
250
248
249
248
250
249
249
248
248
250
249
250
249
250
250
250
250
250
251
250
250
250
250
249
250
251
250
250
251
250
251
251
250
251
252
251
250
251
251
252
250
250
251
250
251
251
251
251
250
251
252
252
251
251
250
252
251
252
251
252
251
251
251
251
252
252
251
250
251
253
251
251
252
252
251
252
252
252
252
252
252
252
251
253
252
253
252
252
252
252
253
253
252
253
252
253
252
252
253
252
252
253
250
252
252
252
253
253
253
253
254
252
253
253
254
253
253
253
253
253
254
249
254
253
253
253
253
252
253
254
254
253
254
250
251
253
254
254
254
253
255
254
254
252
254
255
250
255
254
254
254
255
254
254
254
252
254
252
255
254
255
254
253
255
255
255
255
254
255
251
255
254
256
254
255
254
255
254
255
255
255
255
254
249
253
255
254
255
254
255
254
254
255
256
255
255
253
255
256
255
255
256
255
256
255
256
256
255
255
255
255
255
254
256
256
256
255
256
256
255
255
257
256
255
255
256
256
255
257
256
256
246
256
256
256
256
256
256
257
256
256
256
255
256
256
256
256
257
256
257
256
257
257
257
256
258
257
257
256
257
256
257
257
254
257
257
258
256
258
258
257
257
258
257
258
257
257
257
253
258
257
257
258
257
256
257
257
258
258
258
257
258
258
259
256
258
258
258
254
258
258
259
258
258
257
258
258
258
258
258
259
259
258
258
257
259
258
259
259
259
259
259
259
258
259
259
258
259
259
259
258
258
259
259
260
258
259
259
259
259
259
260
259
259
258
260
259
259
258
258
260
260
259
259
252
253
208
209
192
245
260
260
260
260
259
260
261
260
259
260
259
260
260
261
260
261
260
260
260
261
260
260
261
259
253
259
260
260
258
260
261
260
260
260
260
261
260
260
261
261
260
261
261
261
261
261
262
262
260
260
261
261
260
262
260
261
261
262
261
261
262
262
261
262
261
261
262
262
260
261
262
262
261
261
261
262
262
262
261
262
263
262
258
262
260
262
262
263
262
262
262
262
261
261
262
263
262
262
262
262
263
271
263
245
276
263
269
153
164
161
166
154
169
172
267
224
198
150
146
147
176
146
192
186
197
169
166
189
218
153
178
177
176
208
156
187
206
191
199
189
223
163
162
152
232
153
198
217
173
195
183
168
194
209
262
272
280
267
248
259
267
270
202
259
267
191
243
256
270
265
284
263
266
284
268
262
277
271
265
238
184
205
152
158
193
218
225
218
165
147
184
167
195
154
147
147
188
148
147
147
147
147
189
148
147
184
155
192
147
147
147
148
196
147
193
147
147
194
147
148
147
165
266
266
265
267
266
266
266
266
267
266
266
267
267
265
266
268
266
267
267
266
266
267
265
266
266
267
265
266
267
265
267
267
265
269
262
280
277
273
268
268
267
267
267
267
267
265
267
264
267
266
267
267
268
268
268
263
267
266
268
266
269
268
268
268
268
268
268
268
268
268
268
266
268
267
267
267
269
268
267
268
268
267
268
266
268
268
268
268
268
267
268
268
268
267
269
268
269
267
269
268
268
268
269
267
269
268
269
269
269
269
269
268
270
268
270
269
268
268
270
269
268
269
269
269
269
270
268
270
269
270
270
267
270
267
269
270
270
269
269
270
270
269
270
270
269
269
269
269
267
270
269
270
270
269
270
271
268
270
271
271
269
270
270
269
270
270
270
270
271
269
270
271
269
271
270
271
270
271
264
271
270
271
270
272
271
271
271
270
270
271
270
271
270
272
271
271
271
271
269
271
270
272
272
269
271
271
271
271
272
270
271
272
271
272
271
271
271
272
269
271
273
271
272
272
272
272
273
272
272
272
271
271
272
272
273
272
273
272
273
272
272
272
273
272
272
271
273
272
272
272
272
270
273
273
270
272
273
273
273
274
273
274
272
273
273
272
274
273
273
273
272
274
274
274
272
273
272
273
274
273
274
274
274
274
274
274
274
274
274
272
273
273
274
274
274
274
274
274
275
274
274
272
275
273
273
272
274
274
275
273
275
273
274
273
274
274
274
273
275
275
275
276
274
275
