0
0
0
0
0
0
0
0
0
0
0
0
0
0
0
1
0
0
0
1
0
1
0
1
2
0
1
0
0
1
1
2
2
2
2
2
3
2
2
2
1
2
2
1
2
1
2
2
2
2
2
2
2
3
3
4
3
4
4
2
3
3
6
4
5
4
4
4
4
7
4
5
6
19
10
9
7
5
5
7
6
3
4
3
4
3
4
5
4
5
4
4
4
4
4
6
7
4
4
4
4
4
4
5
4
5
4
5
4
5
5
5
5
5
5
5
5
5
5
5
5
5
6
5
5
6
5
6
6
5
6
6
5
6
7
6
6
6
7
6
6
6
6
7
6
7
6
7
7
7
11
7
6
7
8
12
11
9
8
7
10
13
10
11
12
15
12
12
12
18
12
16
9
8
9
9
9
10
12
9
8
9
8
8
9
8
9
8
11
9
10
10
10
11
10
10
12
9
10
9
9
10
9
9
9
10
10
9
10
11
10
10
10
10
10
10
10
13
12
10
11
10
11
11
11
11
11
11
11
12
11
11
11
11
14
17
17
15
13
13
13
13
14
18
18
28
28
32
31
29
29
23
22
23
24
23
35
24
27
28
23
23
31
24
23
21
18
18
18
14
13
13
13
13
17
16
14
15
15
13
14
14
13
14
14
18
14
14
14
14
14
14
15
14
14
15
14
15
17
18
16
20
15
17
23
23
34
33
33
25
21
17
15
25
28
29
27
32
29
28
29
19
18
18
23
22
22
17
16
20
18
16
16
16
18
22
17
20
20
17
16
17
17
16
17
20
17
18
17
20
18
27
23
30
27
18
24
20
27
28
27
23
27
33
33
33
33
22
19
25
27
28
25
31
31
29
31
23
18
19
19
18
18
19
19
20
19
24
22
19
25
25
25
24
26
23
22
22
24
25
25
22
23
24
24
27
26
24
27
28
30
25
21
26
26
26
28
28
24
25
28
33
26
24
26
27
27
25
28
28
25
22
25
30
25
30
27
25
30
25
30
41
28
23
38
37
28
30
31
60
41
26
35
27
33
32
38
30
41
42
33
32
23
23
27
26
28
23
24
23
26
24
27
24
25
24
24
24
25
25
25
30
24
24
25
24
26
32
25
26
33
30
32
27
27
30
36
36
65
43
43
37
36
39
39
31
39
37
46
46
50
39
35
35
45
34
33
29
31
28
30
28
26
27
28
34
30
32
34
34
33
30
39
39
36
35
35
37
33
33
29
30
34
28
33
36
38
36
35
31
29
31
31
30
34
35
32
35
34
32
34
33
35
28
29
32
33
34
28
32
30
36
30
33
32
44
44
41
41
49
33
30
31
37
34
29
37
39
40
44
38
46
35
41
34
33
32
30
30
35
32
33
39
37
42
50
44
40
36
32
34
31
31
31
30
32
35
32
33
32
35
31
32
30
32
38
32
33
43
46
58
47
36
49
48
47
58
61
59
61
36
42
47
58
60
37
36
33
32
33
33
32
35
33
33
34
33
33
34
33
33
34
35
34
41
33
38
40
38
40
38
39
44
42
40
42
44
39
41
43
45
37
37
43
40
46
38
41
39
43
41
42
38
61
93
105
86
78
70
86
70
71
74
72
88
76
74
89
62
69
69
78
79
86
71
83
81
59
73
58
69
86
88
83
85
78
83
86
83
88
78
75
64
68
83
85
79
68
67
65
81
81
69
81
72
83
80
80
84
81
82
83
73
79
68
86
81
82
71
66
73
83
80
75
75
83
72
78
82
68
70
86
77
77
78
105
100
102
78
73
83
80
73
71
81
94
76
75
86
81
97
89
85
85
85
86
82
90
89
94
55
53
54
58
82
71
59
49
57
53
56
81
63
58
66
42
43
46
44
41
46
59
74
83
60
42
46
53
55
47
54
46
44
48
50
65
77
52
42
42
57
46
65
56
63
46
45
45
42
43
43
47
60
65
62
54
43
48
51
47
49
64
65
58
46
44
44
49
51
50
54
72
87
67
45
51
46
44
46
44
45
45
55
44
45
46
49
45
45
58
53
62
59
51
51
46
48
48
48
45
45
45
48
46
68
72
59
71
60
66
48
51
64
78
80
80
75
71
65
65
90
50
67
79
78
78
66
55
57
55
54
62
56
74
99
58
75
63
60
66
57
84
83
83
85
76
57
68
62
65
73
71
74
59
73
59
61
69
67
72
56
53
73
78
78
61
68
65
55
49
61
54
49
59
62
49
52
58
67
70
64
49
49
50
49
55
87
91
97
58
62
59
66
56
61
61
68
62
60
56