0
0
0
0
1
0
1
0
0
0
0
0
0
0
1
0
1
0
1
1
1
1
1
1
2
1
2
1
2
2
2
2
2
2
2
2
3
2
2
3
3
3
3
3
3
3
3
3
4
5
3
4
4
4
4
4
4
4
4
5
4
6
5
5
4
4
4
3
3
2
3
3
2
3
3
3
3
3
3
3
3
3
3
4
3
3
4
3
4
3
4
4
4
3
4
4
4
4
4
4
5
5
4
5
4
4
5
4
5
5
4
5
5
4
4
5
5
5
5
5
6
5
5
6
5
5
6
5
6
6
5
6
6
6
5
6
6
6
7
6
6
6
6
7
7
7
6
7
7
7
7
7
7
6
7
7
7
7
7
8
7
8
27
15
16
10
9
7
8
8
9
8
8
7
8
10
10
10
8
9
9
8
9
8
8
9
8
9
9
8
9
9
10
9
9
9
9
9
16
18
18
17
18
16
11
10
9
10
10
9
10
10
10
10
10
10
10
10
10
10
11
11
10
10
10
12
14
20
20
20
20
21
21
21
14
12
11
11
11
12
11
11
12
11
12
12
11
12
11
12
12
12
12
12
13
12
12
12
12
13
12
12
13
12
13
12
13
13
12
13
13
13
13
13
13
13
13
14
13
13
14
14
13
14
16
24
25
26
22
15
14
14
14
14
14
14
14
14
14
14
17
23
27
27
24
16
15
15
14
15
15
15
15
15
15
16
15
15
15
16
15
15
16
15
16
16
15
16
16
16
16
16
16
16
16
16
16
17
17
17
16
16
17
17
16
17
17
17
16
17
17
18
17
17
17
18
17
17
17
18
17
18
17
18
17
18
18
18
18
18
18
18
18
18
18
18
18
19
18
19
19
18
19
18
19
19
19
18
19
19
19
19
19
19
20
19
19
20
19
26
27
20
20
20
19
20
20
20
19
20
20
20
20
20
21
30
37
37
23
21
20
21
20
21
20
21
21
21
20
21
21
21
21
23
22
22
21
21
22
21
22
22
21
22
21
22
25
38
40
30
22
22
22
22
22
23
24
39
42
27
22
23
22
23
23
22
23
23
23
24
33
42
39
24
23
23
24
23
24
23
24
24
23
24
24
24
23
24
24
24
24
25
24
24
24
25
24
24
25
24
25
26
25
24
25
25
25
25
25
25
27
43
46
32
25
25
26
25
26
25
26
25
26
27
26
25
26
26
26
26
26
26
26
27
26
26
26
27
26
27
27
26
27
27
27
26
27
27
27
27
27
27
28
27
31
27
27
28
27
28
28
27
28
28
28
27
28
28
29
28
28
28
28
29
28
29
28
29
29
28
29
29
29
28
29
29
29
29
30
29
29
29
29
30
29
30
29
29
30
29
30
30
30
30
30
30
30
30
30
37
55
45
30
31
30
30
31
31
30
31
30
37
56
45
31
31
31
31
31
31
32
32
52
54
32
32
32
54
54
33
31
32
32
32
32
32
32
32
32
32
33
32
32
33
32
33
32
33
33
32
39
50
41
33
33
33
33
33
33
35
46
49
34
34
33
34
44
61
38
33
35
56
56
34
35
39
62
42
34
35
34
34
35
34
34
36
59
55
35
35
35
34
34
35
35
36
59
57
35
35
36
35
35
36
35
36
35
36
36
36
35
47
67
42
36
36
37
36
36
37
36
56
62
37
37
56
64
36
36
37
37
37
37
37
37
37
37
38
37
37
37
37
38
37
38
37
38
38
38
37
38
39
38
38
38
38
38
39
38
38
39
38
39
39
38
40
39
39
39
39
39
39
39
39
39
39
40
39
40
39
40
39
40
39
40
40
40
39
40
40
40
41
40
40
40
40
41
40
40
41
40
41
41
41
41
41
40
41
41
41
41
42
41
41
41
42
41
42
41
42
41
42
42
41
42
42
42
42
42
42
42
42
42
43
42
42
43
42
42
44
43
42
43
43
67
64
43
43
43
43
43
43
43
44
43
43
44
43
44
43
44
44
44
72
57
44
44
44
44
45
44
44
44
44
45
45
44
44
45
44
45
44
44
45
45
44
45
46
45
45
45
45
45
45
46
45
45
46
46
46
46
45
46
46
46
46
46
46
46
46
47
46
46
47
46
47
46
47
46
47
47
47
47
47
47
47
47
47
48
47
47
56
83
49
47
48
47
48
47
48
48
48
49
48
48
48
48
48
49
48
48
49
49
48
49
48
49
48
49
48
49
49
49
49
49
49
49
49
49
49
49
49
50
50
49
50
49
50
50
49
50
50
50
50
50
50
50
50
50
50
52
86
60
51
51
50
51
51
51
51
50
51
51
51
51
51
51
51
51
51
52
67
81
52
52
51
52
52
51
52
52
52
52
52
52
53
52
52
53
52
52
53
52
53
52
53
53
91
93
63
52
54
53
53
53
53
53
53
54
53
53
54
53
53
84
69
97
60
54
55
53
54
54
54
54
54
54
54
56
54
55
54
54
55
55
54
55
55
55
61
58
55
55
55
55
55
56
55
55
55
56
55
56
56
55
56
56
56
56
56
56
56
56
56
56
56
57
56
57
56
57
56
57
57
56
57
57
57
57
57
57
58
57
57
57
57
57
61
99
58
58
57
58
58
58
58
58
63
99
58
58
58
58
58
59
58
58
80
106
70
59
58
60
58
59
59
59
77
87
60
59
59
59
59
60
59
60
59
60
86
102
108
69
59
85
81
60
60
60
60
61
60
60
61
60
60
81
86
60
61
60
61
60
60
61
61
60
61
61
61
61
61
61
61
61
62
61
61
62
61
62
61
61
62
62
93
76
67
89
62
62
62
62
64
89
65
63
62
63
63
62
63
62
63
63
63
63
63
63
63
63
63
88
85
63
64
63
64
63
64
64
63
64
64
64
63
64
64
64
64
64
64
64
75
99
65
103
68
82
93
64
65
65
64
65
65
65
65
65
65
65
66
65
66
65
66
65
66
65
66
65
66
65
66
66
66
65
66
67
66
66
66
66
66
67
77
98
67
66
67
67
67
66
67
68
67
67
67
67
67
67
68
67
68
67
68
67
68
68
67
68
68
68
67
68
68
68
68
68
69
68
68
68
68
69
68
69
68
69
69
69
68
69
69
69
69
69
74
110
69
107
78
69
69
69
107
74
89
86
70
69
70
70
70
70
70
70
70
70
70
71
85
85
70
71
70
70
71
71
71
71
71
71
70
72
71
71
71
71
72
71
71
72
71
72
71
72
72
71
72
73
72
72
72
72
72
72
73
73
72
72
72
73
72
73
72
73
73
73
72
73
80
112
73
73
73
73
74
73
74
73
74
73
74
74
74
74
115
101
96
74
74
74
74
111
82
74
74
74
75
74
74
75
74
75
74
75
75
74
75
75
75
75
75
75
75
75
76
79
115
76
75
76
75
76
76
76
76
76
76
86
128
90
76
76
76
77
76
77
76
77
77
77
77
77
76
77
78
76
76
77
78
77
77
77
78
77
81
78
77
78
77
78
78
77
78
78
78
77
78
78
78
78
78
81
122
119
79
78
78
130
79
109
94
108
91
110
94
79
80
79
78
79
79
79
79
79
80
83
122
113
92
79
80
80
126
80
80
80
80
80
81
80
80
81
82
81
124
81
80
80
81
80
82
124
81
81
81
81
81
81
82
81
82
81
82
81
82
81
81
82
82
81
82
82
82
82
82
82
82
82
83
82
82
83
82
83
82
82
83
82
83
83
83
83
83
83
82
83
84
83
83
83
99
84
83
84
83
84
83
84
93
120
84
90
84
84
84
84
84
97
117
84
85
84
84
84
114
97
85
108
144
84
85
85
125
89
127
89
136
116
85
85
85
88
101
85
118
99
86
86
86
86
87
151
99
85
86
86
86
87
86
86
86
86
87
86
87
87
86
87
86
87
87
88
88
130
89
129
88
129
87
87
87
133
87
88
87
128
89
88
88
87
88
88
89
88
88
88
88
88
88
88
89
88
88
90
88
89
130
89
89
89
89
89
89
89
89
89
91
89
89
90
89
90
90
89
90
90
89
91
89
91
90
90
90
90
90
91
90
90
90
91
90
90
91
90
91
90
91
91
91
92
91
91
91
91
92
97
91
92
91
92
91
92
91
92
91
91
92
92
92
91
92
92
92
93
92
92
92
93
92
93
97
93
92
135
94
92
93
93
94
93
93
94
93
93
117
94
93
93
94
93
94
94
94
93
94
94
94
94
94
94
94
94
94
94
94
94
95
94
95
94
95
94
95
95
95
94
95
95
95
95
95
95
96
96
96
95
95
96
95
96
96
97
97
96
95
151
117
95
96
96
142
98
96
96
103
135
96
96
96
97
96
123
116
97
105
134
97
97
96
97
144
97
98
97
98
97
97
98
97
98
144
97
117
114
99
97
98
98
98
98
99
98
98
98
98
99
99
98
99
98
99
98
100
99
99
99
99
100
99
99
100
99
99
100
99
99
100
140
105
145
100
99
100
99
100
99
100
100
100
100
101
101
135
113
101
140
108
100
101
101
100
101
101
101
101
100
102
101
101
101
101
102
101
101
102
101
102
