0
0
0
0
0
0
0
0
0
0
1
0
0
0
0
0
1
0
0
0
1
0
2
0
0
0
1
0
1
0
1
0
1
0
1
0
2
0
2
0
2
0
3
0
3
0
3
0
3
0
4
0
3
0
4
0
4
0
5
0
4
0
5
0
4
0
4
0
4
0
4
0
5
0
4
0
4
0
3
0
5
0
6
0
6
0
6
0
5
0
5
0
4
0
5
0
5
0
4
0
4
0
5
0
5
0
5
0
7
0
5
0
6
0
6
0
5
0
6
0
5
0
5
0
6
0
5
0
5
0
6
0
6
0
8
0
8
0
9
0
11
0
9
0
10
0
12
0
12
0
12
0
13
0
13
0
12
0
12
0
14
0
13
0
14
0
14
0
14
0
13
0
13
0
14
0
14
0
15
0
15
0
14
0
14
0
14
0
15
0
15
0
15
0
15
0
12
0
9
0
9
0
10
0
10
0
11
0
10
0
11
1
11
0
11
0
13
0
17
0
18
0
18
0
19
0
18
0
19
0
18
0
19
0
19
0
19
0
19
0
20
0
20
0
20
0
20
0
20
0
21
0
20
0
21
0
21
0
20
0
21
0
21
0
21
0
21
0
22
0
23
0
22
0
23
0
22
0
23
0
23
0
23
0
25
0
24
0
16
0
13
0
14
0
15
0
14
0
17
0
20
0
22
0
22
0
18
0
18
0
18
0
25
0
26
0
26
0
26
0
26
0
26
0
27
0
28
0
26
0
27
0
28
0
27
0
28
0
28
0
28
0
28
0
28
0
28
0
29
0
29
0
29
0
28
0
29
0
29
0
30
0
29
0
30
0
30
0
30
0
31
0
30
0
31
0
31
0
31
0
31
0
32
0
31
0
32
0
32
0
32
0
32
0
32
0
33
0
32
0
34
0
33
0
33
0
34
0
34
0
34
0
33
0
34
0
34
0
34
0
34
0
35
0
31
0
21
0
21
0
22
0
21
0
27
0
33
0
37
0
36
0
36
0
36
0
38
0
37
0
37
0
37
0
33
0
35
1
33
0
39
0
33
0
24
0
24
0
24
0
26
0
30
0
28
0
23
0
22
0
24
0
32
1
35
0
40
0
42
0
40
0
41
0
36
0
29
0
30
0
31
0
30
0
29
0
32
0
31
0
28
0
24
0
22
0
23
0
31
0
30
0
32
0
31
0
33
0
31
0
28
0
35
0
36
0
35
0
42
0
40
0
31
0
39
0
39
0
39
0
37
0
33
0
26
0
31
0
33
0
40
0
39
0
38
0
36
0
44
0
45
0
45
0
44
0
33
0
26
0
26
0
30
0
43
0
47
0
37
0
34
0
36
0
39
0
41
0
41
0
42
0
46
0
46
0
31
0
40
0
43
0
51
0
52
0
50
0
50
0
41
0
28
0
29
0
41
0
44
0
52
0
53
0
52
0
54
0
52
0
53
0
52
0
53
0
55
0
53
0
54
0
54
0
54
0
54
0
54
0
54
0
44
0
29
0
38
0
42
0
51
0
56
0
56
0
55
0
43
0
32
0
35
0
32
0
32
0
30
0
31
0
35
0
34
0
31
0
34
0
34
0
36
0
43
0
52
0
55
0
42
0
46
0
59
0
59
0
59
0
59
1
59
0
60
0
61
0
59
0
59
0
61
0
59
0
61
0
62
0
59
0
62
0
61
0
63
0
52
0
33
0
35
0
35
0
35
0
36
0
36
0
40
0
59
0
63
0
64
0
63
0
64
0
64
0
63
0
59
0
51
0
58
0
42
0
43
0
55
0
57
0
66
0
65
0
64
0
65
0
66
0
67
0
66
0
67
0
66
0
67
0
66
0
67
0
68
0
68
0
68
0
68
0
66
0
69
0
68
0
67
0
68
0
71
0
67
0
71
0
69
0
69
0
68
0
69
0
72
0
69
0
71
0
72
0
72
0
75
0
70
0
79
0
78
0
75
0
69
0
72
0
71
0
69
0
71
0
73
0
72
0
70
0
73
0
71
0
74
0
73
0
74
0
73
0
73
0
74
0
74
0
71
0
73
0
73
0
74
0
73
0
74
0
72
0
73
0
75
0
75
0
77
0
76
0
75
0
77
0
72
0
79
0
86
0
83
0
79
0
78
0
80
0
79
0
83
0
90
0
90
0
94
0
84
0
88
0
95
1
87
0
89
0
87
0
87
0
96
0
63
0
84
0
83
0
84
0
82
0
53
0
54
0
84
0
54
0
58
0
65
0
70
0
72
0
81
0
86
0
97
0
60
0
66
0
62
0
60
0
51
0
54
0
54
0
54
0
48
0
47
0
60
0
72
0
80
0
89
0
89
0
88
0
90
0
87
0
86
0
87
0
88
0
88
0
88
0
88
0
87
0
73
0
90
0
89
0
54
0
49
0
61
0
73
0
67
0
70
0
69
0
70
0
70
0
83
0
82
0
86
0
89
0
90
0
89
0
90
0
89
0
60
0
60
0
68
0
74
0
90
0
72
0
56
0
70
0
89
0
75
0
93
0
89
0
91
0
87
0
91
0
53
0
63
0
88
0
91
0
93
0
90
0
92
0
94
0
92
0
94
0
93
0
94
0
92
0
91
0
94
0
94
0
92
0
92
0
92
0
92
0
94
0
94
0
95
0
95
0
95
0
97
0
95
0
98
0
96
0
97
0
99
0
97
0
94
0
95
0
95
0
98
0
99
0
98
0
98
0
96
0
99
0
100
0
99
0
98
0
99
0
96
0
99
0
99
0
100
0
97
0
98
0
98
0
101
0
100
0
99
0
99
0
100
0
103
0
101
0
101
0
99
0
103
0
101
0
102
0
103
0
102
0
103
0
102
0
101
0
102
0
102
0
101
0
102
0
103
0
101
0
102
0
102
0
103
0
105
1
104
0
99
0
100
0
105
0
104
0
105
0
100
0
105
0
104
0
107
0
104
0
107
0
107
0
105
0
107
0
107
0
107
0
100
0
103
0
108
0
107
0
106
0
107
0
105
0
107
0
108
0
106
0
108
0
107
0
108
0
112
0
109
0
112
0
112
0
115
0
111
0
113
0
113
0
110
0
115
0
112
0
111
0
115
0
115
0
116
0
116
0
114
0
126
0
128
0
111
0
112
0
108
0
110
0
109
0
112
0
113
0
111
0
113
0
113
0
109
0
108
0
111
0
112
0
115
0
113
0
113
0
115
0
114
0
116
0
116
0
115
0
114
0
117
0
116
0
115
0
111
0
118
0
116
0
113
0
113
0
114
0
115
0
117
0
114
0
113
0
114
0
116
0
117
0
119
0
116
0
117
0
117
0
118
0
111
0
113
0
119
0
116
0
118
0
119
0
118
0
121
0
118
0
117
0
116
0
117
0
121
0
116
0
114
0
121
0
118
0
123
0
120
0
122
0
123
0
114
0
119
0
123
0
123
0
124
0
122
0
122
0
125
0
122
0
124
0
123
0
119
0
121
0
125
0
123
0
124
0
123
0
125
0
122
0
123
0
126
0
126
0
126
0
127
0
127
0
124
0
128
0
124
0
127
0
126
0
127
0
126
0
128
0
126
0
127
0
125
0
129
0
123
0
127
0
130
0
130
0
126
0
128
0
124
0
128
0
131
0
128
0
129
0
127
0
129
0
130
0
127
0
126
0
129
0
131
0
129
0
129
0
131
0
131
0
129
0
131
0
134
0
132
0
132
0
132
0
133
0
131
0
124
0
130
0
133
0
132
0
135
0
134
0
133
0
134
0
129
0
136
0
132
0
136
0
128
0
130
0
134
0
134
0
131
0
133
0
136
0
138
0
134
0
136
0
128
0
135
0
132
0
131
0
136
0
132
0
136
0
137
0
134
0
135
0
133
0
133
0
136
0
137
0
137
0
135
0
137
0
140
0
139
0
137
0
140
0
138
0
140
0
140
0
138
0
141
0
137
0
139
0
139
0
139
0
141
0
138
0
142
0
137
0
139
0
140
0
142
0
142
0
141
0
142
0
138
0
141
0
142
0
144
0
141
0
141
0
146
0
145
1
145
0
144
0
145
0
144
0
143
0
145
0
142
0
144
0
142
0
149
0
142
0
145
0
146
0
147
0
145
0
146
0
142
0
145
0
143
0
143
0
143
0
148
0
141
0
141
0
144
0
143
0
147
0
145
0
148
0
149
0
144
0
148
0
144
0
146
0
150
0
139
0
142
0
149
0
142
0
150
0
151
0
144
0
148
0
152
0
150
0
151
0
153
0
150
0
148
0
150
0
150
0
151
0
149
0
155
0
150
0
153
0
152
0
151
0
154
0
152
0
155
0
153
0
153
0
155
0
154
1
155
0
158
0
155
0
153
0
147
0
151
0
153
0
151
0
152
0
153
0
155
0
155
0
157
0
151
0
152
0
152
0
153
0
157
0
156
0
154
0
149
0
157
0
160
0
156
0
152
0
152
0
155
0
151
0
159
0
159
1
153
0
154
0
152
0
160
0
161
0
157
0
141
0
177
0
173
0
165
0
167
0
169
0
173
0
161
0
169
0
165
0
165
2
117
0
110
0
101
0
95
0
144
0
138
0
96
0
91
0
92
0
97
0
110
0
114
0
102
0
144
0
117
0
117
0
126
0
119
0
129
0
169
0
165
0
172
0
151
0
165
0
171
0
142
0
91
0
112
0
161
0
167
0
174
0
166
0
166
0
164
0
144
0
91
0
115
0
166
0
164
0
131
0
160
0
168
0
135
0
131
0
153
0
113
0
130
0
136
0
168
0
165
0
165
0
170
0
167
0
166
0
165
0
166
0
159
0
172
0
165
0
163
0
170
0
164
0
163
0
163
0
162
0
172
0
169
0
167
0
160
0
172
0
170
0
169
0
171
0
163
0
167
0
172
0
174
0
173
0
173
0
173
0
171
0
170
0
173
0
175
0
172
0
172
0
173
0
181
0
187
0
186
0
184
0
184
0
189
1
191
0
182
0
189
0
177
0
181
0
159
0
182
0
192
0
181
0
177
0
183
0
185
0
181
0
171
0
181
0
179
0
172
0
185
0
179
0
176
0
176
0
180
0
175
0
176
0
170
0
172
0
178
0
175
0
177
0
176
0
167
0
176
0
172
0
169
0
185
0
186
0
187
0
187
0
192
0
187
0
172
0
179
0
184
0
170
0
175
0
169
0
176
1
183
0
184
0
186
0
177
0
178
0
183
0
180
0
180
0
183
0
180
0
181
0
184
0
189
0
184
0
185
0
184
0
184
0
187
0
180
0
182
0
186
0
184
0
185
1
182
0
182
0
187
0
184
0
184
0
184
0
184
0
183
0
184
0
178
0
186
0
183
0
185
0
185
0
185
0
184
0
188
0
188
0
190
0
181
0
179
0
187
0
192
0
184
0
196
0
189
0
190
0
192
0
188
0
191
0
186
0
193
0
184
0
192
0
190
0
190
0
191
0
185
0
191
0
188
0
191
0
194
0
188
0
194
0
194
0
190
0
196
0
191
0
191
0
187
0
189
0
193
0
192
0
195
0
195
0
193
0
193
0
189
0
194
0
197
0
198
0
195
0
188
0
196
0
197
0
193
0
192
0
192
0
197
0
194
0
195
0
195
0
196
0
199
0
195
0
196
0
196
0
197
0
198
0
194
0
199
0
197
0
199
0
196
0
200
0
199
0
199
0
197
0
200
0
198
0
195
0
202
0
199
0
201
0
196
0
197
0
200
0
200
0
198
0
199
0
200
0
198
0
205
0
201
0
203
0
202
0
202
0
202
0
198
0
202
0
201
0
204
0
199
0
205
0
205
0
202
0
205
0
199
0
204
0
208
0
201
1
197
0
201
0
204
0
203
0
199
0
202
0
207
0
204
1
201
0
198
0
199
0
201
0
206
0
194
0
199
0
205
0
200
0
202
0
202
0
209
0
202
0
203
0
202
0
205
0
209
0
210
0
211
0
208
0
208
0
206
0
209
0
209
0
206
0
211
0
211
0
207
0
211
0
211
0
208
0
208
0
212
0
212
0
211
0
210
0
209
0
207
0
210
0
207
0
208
0
208
0
208
0
210
0
204
0
207
1
214
0
208
0
208
0
208
0
207
0
214
0
212
0
213
0
212
0
213
0
202
0
210
0
211
0
213
0
208
0
208
0
214
0
214
0
213
0
211
0
213
0
209
0
217
0
218
0
213
0
218
0
213
0
224
0
215
0
217
1
215
0
220
0
214
0
219
0
219
0
215
0
215
0
213
0
204
0
216
0
212
0
212
0
214
0
215
0
215
0
218
0
217
0
220
0
219
0
215
0
214
0
221
0
214
0
221
0
219
0
217
0
223
0
218
0
215
0
212
0
221
0
218
0
219
0
216
0
214
0
222
0
208
0
224
0
180
0
224
1
230
0
223
0
215
1
222
0
217
0
220
0
217
0
224
0
225
0
220
0
225
0
224
0
216
0
217
0
224
0
220
0
224
0
225
0
221
0
224
0
230
0
223
0
222
0
217
0
222
0
223
0
223
0
227
0
222
0
228
0
225
0
226
0
224
0
227
0
225
0
231
0
224
0
220
0
219
0
229
0
224
0
226
0
225
0
228
0
224
0
223
0
223
0
227
0
222
0
231
0
225
0
223
0
231
0
230
0
227
0
230
0
231
0
232
0
226
0
231
0
230
0
227
0
228
0
227
0
227
0
225
0
224
0
228
0
232
0
226
0
228
0
232
0
232
0
234
0
234
0
224
0
229
0
219
0
234
0
229
0
230
0
242
0
234
0
240
0
242
0
241
0
238
0
235
0
189
0
235
0
234
0
240
0
240
0
238
0
237
0
234
0
239
0
238
0
236
0
236
0
239
0
234
0
235
0
234
0
234
0
228
0
234
0
237
0
230
0
234
0
232
0
236
0
241
0
237
0
234
0
241
0
239
0
241
0
230
0
235
0
235
0
232
0
240
0
242
0
236
0
237
0
229
0
228
0
236
0
246
0
233
0
241
0
237
0
239
0
239
0
232
0
245
0
244
0
240
0
237
0
232
0
237
0
239
0
245
0
235
0
242
0
241
0
242
0
235
0
240
0
242
0
244
0
246
0
247
0
245
0
242
0
245
0
242
0
239
0
243
0
244
0
246
0
241
0
241
0
246
0
244
0
247
0
244
0
245
0
245
0
248
0
246
0
246
0
245
0
246
0
237
0
236
0
252
1
245
0
248
0
252
0
249
0
250
0
251
0
244
0
251
0
247
0
251
1
241
0
254
0
251
0
248
0
245
0
249
0
241
0
250
0
247
0
253
0
240
0
248
0
243
0
246
0
250
0
246
0
249
0
251
0
256
0
247
0
246
0
253
0
245
0
241
0
248
0
253
0
246
0
246
0
248
0
257
0
252
1
255
0
254
0
249
0
239
0
259
0
254
0
252
0
251
0
253
0
249
0
255
0
250
0
246
0
254
0
256
0
253
0
252
0
259
0
255
0
259
0
256
0
254
0
259
0
259
0
259
0
258
0
255
0
253
0
259
0
247
0
255
0
248
0
253
0
253
0
252
0
254
0
256
0
244
0
259
0
260
0
253
0
258
0
260
0
255
0
262
0
255
0
261
0
261
0
264
0
261
0
257
0
258
0
261
0
256
0
257
0
261
0
255
0
260
0
268
0
255
0
267
0
259
0
267
0
263
0
260
0
265
0
258
0
263
0
255
0
259
0
256
0
259
0
255
0
256
0
256
0
268
0
263
0
259
0
266
0
260
0
257
0
262
0
265
0
260
0
255
0
261
0
260
0
269
0
269
0
262
0
266
0
267
0
259
0
261
0
268
0
269
0
265
0
260
0
264
0
262
0
264
0
270
0
269
0
268
0
266
0
260
0
267
0
265
0
268
0
260
0
266
0
268
0
275
0
268
0
267
0
268
0
261
1
275
0
210
0
170
0
206
0
273
0
269
0
271
0
257
0
268
0
266
0
261
0
278
0
277
0
278
0
270
0
264
0
271
0
279
0
272
0
275
0
264
0
268
0
263
0
267
0
269
0
266
0
269
0
274
0
277
0
277
0
278
0
270
0
279
0
268
0
276
0
269
0
271
0
267
0
271
0
274
0
273
0
272
0
273
0
276
0
274
0
265
1
274
0
270
0
280
0
273
0
287
0
291
0
287
0
289
0
292
0
330
0
298
0
283
0
288
0
284
0
284
0
296
0
299
0
285
0
321
0
290
0
288
0
238
0
189
0
242
0
264
0
257
0
233
0
173
0
195
0
221
0
163
0
198
0
241
0
269
0
235
0
198
0
196
0
266
0
246
0
279
0
284
0
289
0
287
0
224
0
262
0
286
0
272
0
280
0
285
0
281
0
284
0
282
0
272
0
282
0
283
0
277
0
286
0
280
0
284
0
279
0
287
0
280
0
275
0
285
0
296
0
280
0
281
0
280
0
278
0
284
0
281
0
281
0
287
0
283
0
288
0
286
0
289
0
276
0
290
0
286
0
284
0
296
0
289
0
292
0
289
0
288
0
285
0
277
0
291
0
269
1
281
0
279
0
293
0
278
0
291
0
283
0
288
0
289
0
291
0
295
0
283
0
289
0
284
0
292
0
294
0
290
0
295
0
305
0
292
0
297
0
296
0
302
0
294
0
297
0
289
0
303
1
297
0
294
0
295
0
288
0
294
0
302
0
296
0
298
0
292
0
294
0
291
0
274
0
307
0
294
0
280
0
292
0
287
0
342
0
290
0
301
0
304
0
299
0
303
0
302
0
301
0
302
0
302
0
299
0
299
0
284
0
294
0
295
0
299
0
296
0
305
0
303
0
304
0
296
0
297
0
286
0
299
0
298
0
294
0
295
0
289
0
296
0
306
0
302
0
299
0
302
0
297
0
305
0
304
0
295
0
300
0
293
0
297
0
302
0
298
0
293
0
295
0
296
0
293
0
294
0
304
0
304
0
296
0
305
0
304
0
307
0
307
0
294
0
308
0
294
0
302
0
300
0
321
0
315
0
301
0
302
0
313
0
312
0
310
0
289
0
307
0
309
0
300
0
299
0
303
0
308
0
300
0
294
0
298
0
312
0
295
0
294
0
311
0
299
0
302
0
298
0
315
0
315
0
303
0
313
0
305
0
296
0
309
0
304
0
305
0
308
0
312
0
307
0
309
0
308
0
311
0
310
0
306
0
310
0
311
0
325
0
333
0
307
0
316
0
334
0
316
0
323
0
299
0
301
0
319
0
309
0
317
0
298
0
314
0
317
0
317
0
313
0
307
0
310
0
313
0
309
0
306
0
317
0
309
0
308
0
308
0
310
0
318
0
309
0
307
0
313
0
312
0
305
0
317
0
301
0
310
0
306
0
300
0
319
0
320
0
315
0
322
0
328
0
320
0
318
0
322
0
324
0
306
0
322
0
315
0
310
0
315
0
302
0
319
0
320
0
329
0
327
0
316
0
317
0
310
0
323
0
318
0
318
0
321
0
312
0
319
0
324
0
317
0
322
0
326
0
316
0
328
0
319
0
318
0
328
0
313
0
313
0
310
0
321
0
314
0
328
0
323
0
320
0
323
0
325
0
320
0
316
0
320
0
328
0
331
0
323
0
329
0
320
0
317
0
308
0
318
0
322
0
319
0
327
0
319
0
321
0
318
0
327
0
326
0
316
0
318
0
328
0
316
0
327
0
319
0
318
0
314
0
323
0
334
0
324
0
329
0
324
0
325
0
337
0
317
0
323
0
323
0
331
0
324
0
333
0
333
0
325
0
322
0
323
0
332
0
329
0
326
0
328
0
323
0
328
0
311
0
329
0
321
0
323
0
326
0
321
0
328
0
325
0
324
0
332
0
336
0
328
0
325
0
329
0
333
0
333
0
325
0
311
0
338
0
337
1
320
0
330
0
330
0
329
0
331
0
333
0
334
0
320
0
327
0
329
0
319
0
334
0
337
0
341
0
328
0
339
0
338
0
331
0
323
0
345
0
326
0
339
0
342
0
335
0
348
0
336
0
323
0
335
0
326
0
339
0
323
0
335
0
338
0
342
0
311
0
344
0
328
0
332
0
334
0
331
0
329
0
325
0
343
0
336
0
331
0
333
0
341
0
329
0
342
0
341
0
347
0
343
0
335
0
342
0
341
0
352
0
342
0
333
0
340
0
341
0
346
0
340
0
335
0
311
0
331
0
333
0
323
0
349
0
340
0
337
0
336
0
338
0
332
0
338
0
347
0
344
0
349
0
341
0
346
0
348
0
335
0
330
0
337
0
357
0
342
0
308
0
347
0
339
0
343
0
325
0
342
0
329
0
342
0
352
0
351
0
346
0
330
0
339
0
353
0
342
0
337
0
339
0
349
0
349
0
352
0
353
0
343
0
361
0
343
0
352
0
349
0
344
0
342
0
356
0
343
0
342
0
349
0
339
0
336
0
338
0
337
0
354
0
340
0
332
0
352
0
338
0
338
0
356
0
352
0
345
0
347
0
362
0
350
0
345
0
356
0
351
0
340
0
353
0
343
0
331
0
341
0
350
0
325
0
356
0
340
0
348
0
339
0
358
0
361
0
337
0
374
0
342
0
365
0
348
0
367
0
352
0
358
0
348
0
351
0
348
0
357
0
344
0
350
0
352
0
342
0
353
0
357
0
340
0
350
0
340
0
349
0
351
0
354
0
363
0
349
0
366
0
365
0
361
0
368
0
343
0
356
0
348
0
361
0
364
0
360
0
366
0
354
0
357
0
354
0
359
0
363
0
364
0
366
0
368
0
360
0
373
0
367
0
369
0
360
0
361
0
361
0
368
0
369
0
372
0
382
0
383
0
361
0
348
0
360
0
360
0
360
0
370
0
371
0
375
0
353
0
394
0
393
0
366
0
372
0
349
0
356
0
360
0
360
0
394
0
359
0
372
0
352
0
353
0
359
0
359
0
367
0
361
0
363
0
397
0
363
0
372
0
380
0
380
0
362
0
331
0
344
0
362
0
361
0
359
0
366
0
386
0
341
0
364
0
378
0
238
0
369
0
303
0
205
0
328
0
277
0
370
0
271
0
392
0
355
0
231
0
354
0
361
0
361
0
364
0
358
0
359
0
366
0
362
1
368
0
367
0
363
0
363
0
372
0
365
0
353
0
378
0
372
0
354
0
372
0
362
0
358
0
357
0
351
0
358
0
371
0
359
0
368
0
363
0
362
0
371
0
363
0
369
0
374
0
371
0
367
0
369
0
368
0
368
0
373
0
366
0
365
0
357
0
368
0
380
0
365
0
369
0
373
0
371
0
372
0
364
0
377
0
395
0
399
0
387
0
378
0
435
0
401
0
397
0
384
0
572
0
293
0
345
0
310
0
366
0
361
0
356
0
364
0
367
0
364
0
361
0
362
0
370
0
354
0
370
0
369
0
351
0
374
0
370
0
361
0
367
0
372
0
374
0
371
0
361
0
362
0
358
0
367
0
367
0
375
0
367
0
357
0
379
0
385
0
368
0
356
0
370
0
372
0
363
0
367
0
371
0
365
0
372
0
358
0
372
0
379
0
382
0
377
0
369
0
382
0
373
0
317
0
219
0
214
0
230
0
271
0
218
0
248
0
309
0
293
0
247
0
238
0
221
0
280
0
202
0
264
0
232
0
219
0
246
0
233
0
224
0
212
0
200
0
202
0
211
0
351
0
314
0
255
0
207
0
203
0
214
0
265
0
273
0
384
0
379
0
359
0
369
0
371
0
380
0
378
0
376
0
366
0
369
0
374
0
371
0
375
0
366
0
381
0
387
0
369
0
383
0
383
0
373
0
378
0
368
0
380
0
373
0
375
0
383
0
379
0
377
0
381
0
378
0
369
0
369
0
371
0
376
0
390
0
388
0
374
0
384
0
373
0
388
0
386
0
379
0
382
0
374
0
376
0
377
0
387
0
373
0
390
0
374
0
387
0
377
0
366
0
381
0
387
0
389
0
395
0
386
0
386
0
381
0
385
0
383
0
377
0
373
0
373
0
375
0
381
0
388
0
369
0
384
0
384
0
382
0
374
0
370
0
393
0
388
0
383
0
381
0
379
0
378
0
386
0
391
0
388
0
382
0
386
0
374
0
390
0
382
0
395
0
388
0
388
0
380
0
387
0
380
0
384
0
380
0
392
0
387
0
378
0
389
0
383
0
376
0
393
0
390
0
381
0
389
0
390
0
395
0
393
0
396
0
390
0
378
0
382
0
389
0
398
0
394
0
393
0
403
0
385
0
399
0
376
0
375
0
399
0
399
0
392
0
389
0
382
0
392
0
391
0
387
0
399
0
382
0
385
0
395
0
389
0
395
0
387
0
406
0
389
0
384
0
387
0
407
0
394
0
399
0
385
0
398
0
382
0
395
0
393
0
401
0
390
0
402
0
398
1
406
0
398
0
409
0
390
0
391
0
398
0
391
0
396
0
400
0
407
0
402
0
394
0
409
0
403
0
394
0
400
0
398
0
392
0
391
0
400
0
390
0
395
0
385
0
408
0
402
0
401
0
396
0
382
0
387
0
417
0
386
0
398
0
385
0
405
0
407
0
390
0
415
0
405
0
394
0
391
0
396
0
404
0
401
0
404
0
396
0
402
0
410
0
387
0
404
0
405
0
402
0
405
0
407
0
399
0
400
0
393
0
400
0
402
0
408
0
402
0
400
0
402
0
403
0
406
0
403
0
398
0
405
0
404
0
410
0
400
0
408
0
403
0
408
0
394
0
397
0
401
0
396
0
399
0
406
0
404
0
422
0
397
0
413
0
409
0
412
1
410
0
402
0
411
0
418
0
395
0
403
0
396
0
405
0
409
0
408
0
388
0
418
0
402
0
399
0
396
0
412
0
401
0
405
0
406
0
398
0
404
0
421
0
390
0
396
0
420
0
419
0
391
0
413
0
409
0
413
0
408
0
402
0
419
0
418
0
407
0
412
0
407
0
413
0
410
0
415
0
396
0
413
0
413
0
426
0
412
0
412
0
408
0
414
0
420
0
412
0
420
0
428
0
422
0
415
0
397
0
407
0
410
0
411
0
399
0
403
0
414
0
408
0
411
0
418
0
421
0
414
0
419
0
409
0
431
0
411
0
419
0
427
0
418
0
409
0
413
0
429
0
411
0
420
0
417
0
422
0
412
0
405
0
422
0
409
0
428
0
411
0
403
0
415
0
416
0
421
0
419
0
408
0
421
0
418
0
417
0
414
0
418
0
406
0
405
0
416
0
418
0
410
0
421
0
418
0
412
0
411
0
414
0
423
0
425
0
422
0
424
0
402
0
427
0
412
0
406
0
411
0
420
0
422
0
409
0
425
0
421
0
425
0
409
0
414
0
430
0
427
0
425
0
417
0
405
0
421
0
424
0
425
0
425
0
430
0
422
0
429
0
424
0
408
0
421
0
430
0
416
0
416
0
413
0
419
0
425
0
427
0
419
0
428
0
421
0
417
0
428
0
412
0
421
0
420
0
425
0
424
0
418
0
409
0
412
0
408
0
420
0
434
0
429
0
426
0
431
0
424
0
434
0
413
0
413
0
421
0
442
0
420
0
422
0
434
0
433
0
432
0
415
0
425
0
430
0
418
0
424
0
424
0
434
0
434
0
439
0
413
0
419
0
416
0
431
0
414
0
426
0
416
0
427
0
441
0
416
0
423
0
437
0
433
0
423
0
423
0
441
0
431
0
429
0
428
0
425
0
429
0
424
0
436
0
438
0
427
0
441
0
430
0
423
0
432
0
428
0
437
0
441
0
433
0
436
0
419
0
431
0
435
0
419
0
440
0
438
0
444
0
432
0
432
0
428
0
435
0
432
0
435
0
433
0
445
0
433
0
419
1
430
0
435
0
435
0
439
0
437
0
432
0
419
0
437
0
430
0
436
0
427
0
443
0
439
0
448
0
439
0
434
0
440
0
434
0
443
0
427
0
432
0
448
0
453
0
427
0
431
0
448
0
434
0
438
0
441
0
439
0
442
0
434
0
428
0
445
0
442
0
443
0
436
0
437
0
440
0
435
0
435
0
433
0
425
0
434
0
451
0
443
0
445
0
436
0
433
0
421
0
440
0
453
0
421
0
435
0
449
0
441
0
424
0
442
0
433
0
432
0
442
0
448
0
432
0
439
0
434
0
445
0
444
0
452
0
458
0
448
0
449
0
450
0
437
0
444
0
446
0
430
0
444
0
435
0
432
0
437
0
439
0
460
0
435
0
423
0
458
0
437
0
445
0
433
0
434
0
441
0
455
0
451
0
444
0
441
0
435
0
455
0
444
0
447
0
457
0
440
0
449
0
446
0
453
0
425
0
444
0
439
0
444
0
423
0
448
0
436
0
454
0
459
0
442
0
447
0
438
0
449
0
438
0
449
0
440
0
450
0
451
0
445
0
439
0
443
0
439
0
454
0
438
0
453
0
440
0
452
0
449
0
443
0
449
0
430
0
447
0
441
0
453
0
464
0
442
0
453
0
437
0
447
0
440
0
443
0
453
0
434
0
455
0
442
0
448
0
462
0
442
0
449
0
456
0
443
0
466
0
445
0
443
0
459
0
458
0
421
0
462
0
459
0
458
0
455
0
441
0
470
0
465
0
459
0
458
0
445
0
433
0
454
0
452
0
462
0
456
0
449
0
456
0
465
0
453
0
465
0
467
0
452
0
449
0
457
0
455
0
430
0
457
0
453
0
476
0
455
0
450
0
448
0
465
0
462
0
456
0
448
0
464
0
453
0
475
0
456
0
467
0
454
0
452
0
450
0
446
0
469
0
479
0
459
0
445
0
469
0
454
0
435
0
460
0
451
0
443
0
460
0
443
0
472
0
458
0
468
0
469
0
459
0
470
0
462
0
462
0
447
0
465
0
472
0
473
0
461
0
444
0
458
0
470
0
456
0
460
0
452
0
442
0
464
0
472
0
453
0
459
0
473
1
320
0
263
0
259
0
390
0
356
0
288
0
301
0
352
0
277
0
275
0
348
0
276
0
282
0
409
0
395
0
402
0
294
0
283
0
373
0
259
0
249
0
295
0
296
0
265
0
279
0
325
0
297
0
274
0
269
0
292
0
275
0
275
0
270
0
293
0
293
0
341
0
327
0
275
0
338
0
447
0
471
0
459
0
460
0
469
0
450
0
457
0
456
0
474
0
458
0
440
0
470
0
442
0
455
0
450
0
476
0
467
0
478
0
471
0
466
0
482
0
465
0
475
0
469
0
462
0
460
0
475
0
473
0
468
0
466
0
453
0
465
0
476
0
484
0
468
0
474
0
451
0
472
0
447
0
457
0
475
0
456
0
463
0
460
0
489
0
483
0
469
0
438
0
458
0
475
0
478
0
449
0
473
0
470
0
482
0
483
0
480
0
469
0
448
0
480
0
459
0
465
0
477
0
447
0
443
0
465
0
489
0
462
0
478
0
482
0
490
0
469
0
469
0
478
0
457
0
471
0
483
0
483
0
472
1
465
0
465
0
471
0
470
0
464
0
489
0
477
0
469
0
467
0
486
0
464
0
466
0
452
0
480
0
499
0
482
0
479
0
469
0
474
0
470
0
462
0
479
0
481
0
472
0
489
0
460
0
465
0
470
0
468
0
473
0
493
0
480
0
471
0
496
0
469
0
486
0
485
0
458
0
491
0
480
0
487
0
462
0
467
0
484
0
483
0
488
0
476
0
485
0
484
0
475
0
469
0
465
0
484
0
470
0
474
0
474
0
488
0
472
0
476
0
494
0
484
0
468
0
480
0
486
0
471
0
487
0
487
0
477
0
482
0
469
0
481
0
458
0
486
0
485
0
498
0
493
0
480
0
483
0
497
0
505
0
490
1
496
0
480
0
485
0
478
0
496
0
493
0
479
0
489
0
464
0
484
0
489
0
489
0
479
0
501
0
485
0
469
0
469
0
490
0
479
0
492
0
485
0
485
0
477
0
493
0
472
0
489
0
518
0
493
0
487
0
491
0
501
0
489
0
476
0
486
0
492
0
508
0
496
0
489
0
487
0
499
0
487
0
480
0
481
0
474
0
486
0
484
0
477
0
490
0
499
0
498
0
486
0
502
0
486
0
485
0
492
0
500
0
486
0
472
0
495
0
487
0
492
0
479
0
498
0
491
0
486
0
485
0
499
0
485
0
505
0
485
0
483
0
509
0
504
0
488
0
477
0
480
0
514
0
496
0
491
0
476
0
490
0
470
0
493
0
480
0
485
0
502
0
489
0
485
0
493
0
503
0
493
0
499
0
498
0
477
0
497
0
479
0
495
0
487
0
490
0
491
0
500
0
512
0
490
0
478
0
473
0
495
0
479
0
484
0
498
0
489
0
497
0
507
0
497
0
536
0
501
0
509
0
525
0
494
0
495
0
512
0
491
0
493
0
480
0
485
0
494
0
501
0
508
0
490
0
487
0
500
0
520
0
475
0
483
0
507
0
484
0
495
0
507
0
492
0
483
0
494
0
507
0
484
0
494
0
480
0
497
0
510
0
503
0
520
0
509
0
496
0
499
0
489
0
483
0
496
0
496
0
508
0
505
0
488
0
492
0
489
0
515
0
514
0
497
0
497
0
499
0
517
0
510
0
509
0
485
0
502
0
516
0
484
0
504
0
509
0
502
0
500
0
505
0
501
0
502
0
517
0
501
0
509
0
516
0
516
0
528
0
507
0
514
0
512
0
503
0
508
0
491
0
497
0
497
0
503
0
502
0
456
0
491
0
505
0
500
0
495
0
494
0
495
0
501
0
505
0
490
0
507
0
504
0
499
0
497
0
517
0
476
0
523
0
522
0
494
0
493
0
519
0
521
0
504
0
507
0
493
0
502
0
517
0
508
0
503
0
516
0
506
0
479
0
476
0
496
0
523
1
506
0
506
0
514
0
511
0
504
0
512
0
464
0
526
0
462
0
491
0
527
0
515
0
525
0
520
0
536
0
515
0
491
0
291
0
325
0
290
0
423
0
388
0
406
1
360
0
374
0
473
0
506
0
508
0
457
0
411
0
322
0
416
0
328
0
323
0
300
0
298
0
326
0
293
0
293
0
283
0
341
0
275
0
285
0
297
0
336
0
336
0
287
0
342
0
306
0
516
0
535
0
513
0
515
0
525
0
510
0
506
0
521
0
513
0
513
0
503
0
516
0
523
0
512
0
535
0
529
0
513
0
518
0
505
0
532
0
531
0
531
0
534
0
506
0
514
0
514
0
530
0
498
0
512
0
520
0
530
0
516
0
531
0
521
0
539
0
515
0
525
0
514
0
512
0
524
0
523
0
518
0
504
0
526
0
503
0
521
0
502
0
530
0
512
0
515
0
529
0
512
0
515
0
520
0
529
0
527
0
512
0
526
0
522
0
517
0
524
0
511
0
534
0
517
0
542
0
515
0
509
0
531
0
530
0
525
0
519
0
519
0
513
0
537
0
537
0
513
0
529
0
518
0
524
0
511
0
524
0
539
0
533
0
536
0
527
0
532
0
538
0
538
0
521
0
520
0
528
0
525
0
531
0
532
0
537
0
541
0
525
0
540
0
540
0
532
0
531
0
540
0
539
0
529
0
533
0
535
0
532
0
526
0
535
0
518
0
536
0
528
0
522
0
540
0
527
0
525
0
532
0
504
0
531
0
527
0
529
0
512
0
522
0
537
0
514
0
528
0
521
0
531
0
544
0
508
0
532
0
535
0
534
0
527
0
531
0
535
0
553
0
531
0
561
0
533
0
518
0
523
0
527
0
524
0
514
0
536
0
517
0
530
0
536
0
541
0
535
0
553
0
515
0
532
1
532
0
528
0
531
0
521
0
534
0
518
0
528
0
541
0
539
0
543
0
531
0
535
0
538
0
553
0
545
0
554
0
551
0
540
0
555
0
561
0
518
0
541
0
538
0
546
0
530
0
535
0
544
0
537
0
538
0
541
0
540
0
539
0
532
0
530
0
543
0
562
0
525
0
546
0
555
0
535
0
546
0
561
0
547
0
526
0
532
0
560
0
543
0
550
0
526
0
522
0
532
0
541
0
524
0
570
0
513
0
543
0
548
0
562
0
550
0
530
0
538
0
530
0
540
0
530
0
535
0
547
0
546
0
547
0
559
0
535
0
565
0
544
0
529
0
556
0
550
0
533
0
543
0
564
0
540
0
565
0
549
0
521
0
538
0
557
0
536
0
553
0
552
0
554
0
557
0
543
0
542
0
544
0
541
0
533
0
532
0
549
0
547
0
586
0
530
0
530
0
553
0
529
0
556
0
536
0
534
0
538
0
538
0
533
0
565
0
544
0
560
0
554
0
540
0
547
0
553
0
555
0
563
0
556
0
523
0
573
0
537
0
548
0
536
1
561
0
533
0
553
0
541
0
554
0
562
0
531
0
548
0
549
0
555
0
544
0
554
0
539
0
539
0
547
0
568
0
551
0
546
0
546
0
554
0
550
0
548
0
559
0
570
0
561
0
534
0
538
0
563
0
573
0
552
0
560
0
542
1
554
0
562
0
536
0
567
0
547
0
559
0
534
0
549
0
537
0
545
0
570
0
550
0
544
0
556
0
534
0
553
0
565
0
557
0
560
0
559
0
572
0
548
0
566
0
548
0
562
0
551
0
520
0
568
0
556
1
550
0
558
0
570
0
557
0
574
0
558
0
549
0
548
0
563
0
557
0
555
0
568
0
559
0
557
0
548
1
556
0
554
0
566
0
549
0
549
0
558
0
547
0
554
0
559
0
573
0
574
0
576
0
548
0
580
0
544
0
556
0
550
0
542
0
553
0
557
0
557
0
584
0
552
0
560
0
563
0
546
0
576
0
573
0
546
0
575
0
584
0
542
0
569
0
568
0
565
0
568
0
555
0
565
0
565
0
564
0
563
0
557
0
559
0
558
0
542
0
575
0
557
0
557
0
549
0
555
0
578
0
557
0
572
0
568
0
549
0
549
0
569
0
553
0
553
0
542
0
581
0
548
0
570
0
558
0
556
0
574
0
552
0
568
0
557
0
578
0
568
0
559
0
551
0
584
0
584
0
562
0
549
0
579
0
583
0
552
0
572
0
564
0
561
0
564
0
585
0
576
0
565
0
559
0
564
0
559
0
574
0
562
0
580
0
589
0
574
0
553
0
568
0
573
0
583
0
572
0
551
0
576
0
553
0
575
0
580
0
569
0
566
0
555
0
570
0
566
0
569
0
547
0
586
0
560
0
567
0
581
0
593
0
568
0
576
0
591
0
586
0
576
0
557
0
567
0
569
0
574
0
573
0
569
0
567
0
587
0
569
0
549
0
553
0
574
0
561
0
590
0
558
0
554
0
583
0
573
0
587
0
554
0
544
0
536
0
543
0
559
0
575
0
588
0
567
0
595
0
574
0
580
0
582
0
580
0
578
0
559
0
583
0
565
0
589
0
567
0
568
0
558
0
560
0
583
0
589
0
571
0
578
0
585
0
559
0
560
0
540
0
584
0
575
0
570
0
592
0
581
0
559
0
573
0
570
0
574
0
558
0
571
0
581
0
583
0
562
0
572
0
585
0
572
0
610
0
600
0
572
0
554
0
598
0
577
0
575
0
598
0
578
0
587
0
586
0
579
0
573
0
577
0
562
0
559
0
568
0
588
0
568
0
578
0
563
0
589
0
594
0
585
0
571
0
549
0
577
0
582
0
576
0
581
0
555
0
565
0
569
0
560
0
583
0
578
0
577
0
570
0
580
0
573
0
608
0
592
0
595
0
567
0
610
0
594
0
575
0
558
0
566
0
593
0
599
0
586
0
589
0
581
0
573
0
596
0
587
0
582
0
580
0
597
0
573
0
581
0
576
0
605
0
591
0
584
0
596
0
573
0
567
0
587
0
579
0
586
0
582
0
585
0
569
0
573
0
589
0
587
0
593
0
597
0
593
0
575
0
605
0
589
0
561
0
581
0
587
0
616
0
581
0
586
0
607
0
565
0
607
0
599
0
587
0
579
0
568
0
591
0
570
0
584
0
566
0
590
0
574
0
604
0
582
0
590
0
584
0
574
0
615
0
590
0
615
0
590
0
599
0
559
0
608
0
586
0
610
0
582
0
612
0
593
0
596
0
586
0
585
0
578
0
579
0
604
0
569
0
569
0
611
0
571
0
587
0
578
0
599
0
574
0
601
0
603
0
616
0
600
0
601
0
588
0
594
0
578
0
596
0
595
0
604
0
607
0
579
0
594
0
605
0
590
0
600
0
590
0
578
0
598
0
590
0
612
0
605
0
597
0
582
0
599
0
591
0
591
0
559
0
585
0
602
0
597
0
595
0
596
0
593
0
603
0
599
0
612
0
573
0
604
0
592
0
608
0
586
0
584
0
607
0
622
0
596
0
604
0
611
0
591
0
584
0
592
0
601
0
587
0
580
0
607
0
597
0
598
0
605
0
577
0
555
0
587
0
608
0
596
0
623
0
608
0
600
0
590
0
584
0
611
0
597
0
580
0
609
0
583
0
594
0
593
0
588
0
596
0
608
0
585
0
589
0
614
0
581
0
600
0
602
0
621
0
601
0
606
0
629
0
605
0
615
0
586
0
612
0
604
0
608
0
616
0
588
0
611
0
604
0
594
0
582
0
611
0
582
0
596
0
629
0
625
0
604
0
592
0
608
0
620
0
602
0
617
0
594
0
580
0
587
0
616
0
595
0
595
0
591
0
606
0
588
0
595
0
623
0
614
0
607
0
608
0
611
0
595
0
590
0
589
0
596
0
603
0
605
0
592
0
608
0
624
0
588
0
608
0
633
0
598
0
609
0
586
0
598
0
617
0
598
0
625
0
621
0
619
0
614
0
592
0
587
0
601
0
593
0
610
0
611
0
591
0
635
0
606
0
582
0
610
0
627
0
613
0
592
0
586
0
592
0
600
0
599
0
600
0
611
0
607
0
602
0
606
0
595
0
595
0
613
0
599
0
604
0
588
0
628
0
596
0
627
0
615
0
601
0
582
0
602
0
618
0
605
0
608
0
624
0
609
0
623
0
625
0
621
0
605
0
608
0
619
0
630
0
611
0
615
0
601
0
620
0
625
0
627
0
608
0
621
0
581
0
632
0
608
0
618
0
597
0
598
0
600
0
580
0
612
0
608
0
605
0
609
0
612
0
617
0
627
0
621
0
604
0
601
0
624
0
613
0
610
0
599
0
613
0
616
0
618
0
603
0
617
0
618
0
598
0
611
0
615
0
608
0
619
0
616
0
607
0
605
0
630
0
635
0
622
0
619
0
629
0
625
0
629
0
614
0
618
0
633
0
604
0
594
0
630
0
605
0
625
0
627
0
620
0
620
0
629
0
598
0
645
0
621
0
634
0
627
0
634
0
614
0
631
0
630
0
617
0
625
0
619
0
628
0
607
1
630
0
625
0
630
0
622
0
632
0
614
0
618
0
618
0
605
0
625
0
612
0
615
0
637
0
625
0
618
0
634
0
608
0
651
0
620
0
617
0
616
0
614
0
651
0
589
0
618
0
639
0
613
0
599
0
626
0
632
0
620
0
604
0
612
0
650
0
604
0
630
0
634
0
626
0
607
0
629
0
613
0
626
0
616
0
621
0
610
0
615
0
613
0
600
0
632
0
605
0
585
0
637
0
629
0
634
0
625
0
623
0
616
0
617
0
606
0
636
0
606
0
616
0
643
0
606
0
634
0
604
0
639
0
620
0
626
0
619
0
629
0
618
0
656
0
611
0
638
0
627
0
631
0
616
0
648
0
608
0
637
0
653
0
639
0
629
0
625
0
652
0
628
0
590
0
601
0
642
0
623
0
657
0
633
0
603
0
623
0
637
0
630
0
639
0
622
0
628
0
613
0
609
0
588
0
626
0
656
0
641
0
644
0
655
0
658
0
614
0
625
0
621
0
642
0
620
0
642
0
616
0
602
0
638
0
624
0
654
0
649
0
657
0
621
0
621
1
625
0
640
0
608
0
642
0
616
0
632
0
632
0
632
0
661
0
646
0
594
0
605
0
628
0
631
0
614
0
641
0
645
0
640
0
635
0
612
0
625
0
622
0
640
0
666
0
639
0
643
0
662
0
656
0
625
0
624
0
660
0
627
0
649
0
657
0
641
0
632
0
642
0
630
0
606
0
640
0
640
0
633
0
654
0
621
0
613
0
640
0
649
0
638
0
668
0
656
0
629
0
637
0
641
0
641
0
645
0
617
0
627
0
636
0
613
0
618
0
641
0
667
0
666
0
636
0
636
0
653
0
655
0
643
0
628
0
645
0
632
0
617
0
626
0
633
0
610
0
623
0
635
0
649
0
631
0
652
0
637
0
652
0
648
0
641
0
634
0
664
0
625
0
638
0
671
0
649
0
627
0
662
0
639
0
650
0
652
0
646
0
614
0
625
0
631
0
638
0
635
0
638
0
637
0
644
0
662
0
629
0
653
0
646
0
643
0
649
0
636
0
593
0
625
0
621
0
636
0
620
0
658
0
618
0
633
0
660
0
646
0
654
0
660
0
631
0
665
0
660
0
645
0
639
0
659
0
652
0
652
0
646
0
641
0
619
0
653
0
630
0
670
0
640
0
652
0
627
0
618
0
637
0
651
0
640
0
659
0
644
0
661
0
648
0
656
0
659
0
653
0
632
0
646
0
632
0
639
0
628
0
663
0
670
0
634
0
644
0
663
0
639
0
645
0
668
0
634
0
671
0
648
0
683
0
644
0
680
0
631
0
615
0
664
0
651
0
653
0
673
0
659
0
642
0
641
0
644
0
687
0
666
0
633
0
662
0
647
0
651
0
655
0
651
0
669
0
658
0
658
0
656
0
634
0
678
0
649
0
672
0
614
0
661
0
646
0
651
0
639
0
666
0
636
0
656
0
637
0
672
0
671
0
666
0
666
0
659
0
627
0
660
0
661
0
653
0
638
0
669
0
640
0
673
0
651
0
671
0
668
0
650
0
656
0
626
0
654
0
651
0
672
0
677
0
627
0
646
0
677
0
639
0
661
0
634
0
669
0
663
0
655
0
657
0
639
0
642
0
653
0
625
0
676
0
638
0
676
0
633
0
626
0
662
0
672
0
646
0
661
0
630
0
675
0
652
0
635
0
662
0
675
0
673
0
639
0
652
0
676
0
688
0
659
0
647
0
656
0
664
0
660
0
670
0
655
0
672
0
658
0
643
0
669
0
651
0
649
0
659
0
681
0
681
0
671
0
651
0
620
0
634
0
661
0
677
0
627
0
657
0
682
0
629
0
661
0
665
0
679
0
648
0
691
0
656
0
644
0
664
0
647
0
653
0
663
0
666
0
646
0
657
0
670
0
682
0
641
0
636
0
682
0
660
0
637
0
650
0
673
0
673
0
689
0
656
0
672
0
673
0
644
0
677
0
652
0
655
0
669
0
679
0
683
0
665
0
673
0
661
0
650
0
665
0
652
0
688
0
673
0
652
0
694
0
660
0
656
0
660
0
634
0
669
0
679
0
664
0
675
0
649
0
661
0
653
0
666
0
658
0
663
0
631
0
670
0
679
0
692
0
668
0
659
0
679
0
672
0
645
0
676
0
681
0
672
0
693
0
657
0
680
0
681
0
667
0
665
0
645
0
629
0
652
0
675
0
674
0
674
0
688
0
679
0
652
0
625
0
674
0
662
0
681
1
695
0
681
0
653
0
684
0
650
0
682
0
683
0
672
0
688
0
669
0
673
0
667
0
651
0
652
0
682
0
657
0
668
0
660
0
680
0
675
0
664
0
688
0
692
1
680
0
669
0
688
0
651
0
669
0
661
0
678
0
619
0
657
0
666
0
689
0
687
0
687
0
687
0
672
0
684
0
681
0
686
0
716
0
661
0
682
0
684
0
678
0
680
0
658
0
699
0
675
0
677
0
685
0
680
0
683
0
644
0
681
0
650
0
690
0
668
0
650
0
708
0
645
0
679
0
660
0
697
0
692
0
660
0
683
0
710
0
684
0
694
0
676
0
685
0
672
0
674
0
687
0
686
0
675
0
698
0
706
0
716
0
670
0
658
0
699
0
659
0
685
0
693
0
664
0
673
0
694
0
693
0
699
0
664
0
676
0
682
0
649
0
673
0
683
0
671
0
672
0
663
0
671
0
672
0
673
0
667
0
669
0
678
0
674
0
666
0
719
0
662
0
708
0
668
0
687
0
672
0
686
0
648
0
665
0
676
0
704
0
682
0
699
0
666
0
686
0
693
0
699
0
700
0
660
0
669
0
697
0
690
0
685
0
685
0
675
0
665
0
673
0
706
0
686
0
662
0
674
0
698
0
687
0
725
0
712
0
677
0
703
0
684
0
643
0
691
0
682
0
672
0
674
0
687
0
699
0
681
0
676
0
700
0
700
0
667
0
665
0
681
0
679
0
712
0
678
0
675
0
685
0
657
0
674
0
687
0
690
0
681
0
695
0
701
0
713
0
663
0
702
0
675
0
654
0
689
0
691
0
687
0
701
0
688
0
694
0
663
0
688
0
702
0
721
0
682
0
710
0
660
0
675
0
703
0
689
0
699
0
686
0
682
0
683
0
690
0
677
0
698
0
692
0
686
0
702
0
714
0
676
0
677
0
696
0
692
0
661
0
672
0
688
0
660
0
689
0
675
0
673
0
697
0
697
0
669
0
723
0
708
0
726
0
708
0
699
0
694
0
698
0
675
0
650
0
680
0
708
0
676
0
711
0
701
0
672
0
664
0
693
0
691
0
728
0
708
0
687
0
662
0
671
0
706
0
681
0
673
0
706
0
682
0
716
1
694
0
684
0
693
0
677
0
703
0
711
0
713
0
702
0
687
0
711
0
687
0
692
0
670
0
672
0
695
0
700
0
678
0
704
0
684
0
715
0
703
0
735
0
679
0
705
0
705
0
715
0
682
0
706
0
695
0
705
0
709
0
689
0
729
0
717
0
685
0
674
0
724
0
677
0
675
0
678
0
699
0
690
0
717
0
710
0
691
0
711
0
684
0
695
0
702
0
716
0
719
0
694
0
675
0
709
0
722
0
696
0
715
0
704
0
710
0
707
0
730
0
727
0
714
0
702
0
712
0
703
0
714
0
738
0
740
0
689
0
681
0
727
0
714
0
704
0
703
0
713
0
720
0
709
0
686
0
696
0
730
0
742
0
706
0
694
0
712
0
714
0
695
0
673
0
675
0
718
0
708
0
706
0
718
0
707
0
681
0
698
0
694
0
732
0
697
0
722
0
708
0
707
0
719
0
664
0
727
0
671
0
731
0
705
0
691
0
709
0
687
0
694
0
715
0
675
0
718
0
686
0
727
0
716
0
706
0
713
0
721
0
729
0
706
0
699
0
734
0
702
0
725
0
705
0
675
0
698
0
698
0
701
0
732
0
693
0
707
0
706
0
715
0
710
0
677
0
737
0
730
0
712
0
699
0
712
0
690
0
702
0
709
0
711
0
711
0
689
0
725
0
718
0
710
0
708
0
692
0
689
0
704
0
706
0
680
1
711
0
708
0
720
0
702
0
691
0
701
0
726
0
717
0
702
0
711
0
690
0
695
0
707
0
738
0
720
0
712
0
737
0
698
0
706
0
737
0
706
0
729
0
726
0
688
0
692
0
728
0
693
0
724
0
693
0
713
0
712
0
716
0
697
0
705
0
746
0
722
0
682
0
691
0
708
0
697
0
745
0
742
0
719
0
734
0
703
0
698
0
694
0
695
0
724
0
708
0
723
0
700
0
722
0
737
0
702
0
727
0
696
0
729
0
740
0
735
0
738
0
694
0
723
0
691
0
710
0
694
0
682
0
719
0
720
0
706
0
698
0
719
0
696
0
728
0
741
0
710
0
706
0
703
0
714
0
721
0
736
0
692
0
731
0
731
0
706
0
670
0
721
0
723
0
703
0
693
0
727
0
711
0
719
0
729
1
695
0
701
0
731
0
734
0
738
0
735
0
724
0
696
0
746
0
702
0
741
0
721
0
731
0
749
0
716
0
719
0
699
0
733
0
733
0
688
0
707
0
687
0
731
0
708
0
707
0
712
0
738
0
710
0
734
0
705
0
693
0
765
0
717
0
719
0
732
0
705
0
739
0
717
0
725
0
737
0
732
0
702
0
722
0
686
0
708
0
733
0
729
0
700
0
745
0
734
0
715
0
701
0
727
0
730
0
709
0
739
0
721
0
727
0
703
0
722
0
729
0
717
0
737
0
710
0
691
0
723
0
713
0
731
0
735
0
688
0
727
0
726
0
701
0
731
0
697
0
739
0
704
0
695
0
725
0
717
0
688
0
737
0
724
0
723
0
711
0
711
0
752
0
712
0
705
0
714
0
747
0
723
0
726
0
738
0
730
0
753
0
741
0
744
0
717
0
732
0
704
0
734
0
745
0
747
0
749
0
730
0
767
0
750
0
733
0
721
0
725
0
747
0
757
0
729
0
700
0
702
0
743
0
758
0
718
0
743
0
704
0
698
0
706
0
752
0
694
0
737
0
740
0
692
0
705
0
722
0
727
0
750
0
740
0
735
0
756
0
715
0
723
0
729
0
753
0
753
0
748
0
747
0
710
0
732
0
730
0
743
0
689
0
728
0
704
0
729
0
713
0
755
0
741
0
752
0
721
1
740
0
734
0
726
0
739
0
749
0
750
0
747
0
734
0
714
0
722
0
752
0
718
0
771
0
720
0
720
0
736
0
721
0
757
0
733
0
750
0
737
0
740
0
750
0
725
0
735
0
737
0
753
0
688
0
746
0
742
0
765
0
738
0
730
0
753
0
702
0
740
0
746
0
741
0
756
0
752
0
741
0
735
0
748
0
737
0
737
0
739
0
729
0
707
0
727
0
732
0
750
0
724
0
749
0
776
0
736
0
708
0
729
0
752
0
745
0
763
0
731
0
748
0
759
0
760
0
705
0
719
0
754
0
753
0
757
0
734
0
758
0
747
0
728
0
750
0
728
0
746
0
734
0
625
0
534
0
571
0
467
0
500
0
579
0
458
0
507
0
572
1
658
0
749
0
786
0
694
0
756
0
727
0
755
0
728
0
727
0
786
0
725
0
718
0
746
0
726
0
765
0
741
0
744
0
751
0
720
0
767
0
757
0
716
0
735
0
734
0
767
0
751
0
743
0
731
0
733
0
766
0
707
0
734
0
775
0
734
0
724
0
734
0
756
0
762
0
800
0
799
0
745
0
746
0
732
0
758
0
732
0
726
0
744
0
713
0
508
0
400
0
518
0
482
0
431
0
553
0
408
0
517
0
557
0
477
0
490
0
470
0
469
0
435
0
423
0
413
0
435
0
413
0
426
0
484
0
453
0
424
0
409
0
432
0
759
0
766
0
738
0
743
0
752
0
754
0
757
0
801
0
637
0
573
0
538
0
445
0
521
0
420
0
409
0
409
0
428
0
411
0
418
0
415
0
419
0
450
0
717
0
757
0
730
0
736
0
735
0
747
0
743
0
769
0
746
0
769
0
732
0
788
0
765
0
772
0
715
0
771
0
779
0
750
0
751
0
756
0
732
0
734
0
751
0
742
0
724
0
735
0
730
0
752
0
755
0
740
0
750
0
724
0
747
0
739
0
729
0
728
0
746
1
739
0
739
0
767
0
753
0
759
0
768
1
747
0
731
0
741
0
730
0
738
0
739
0
765
0
758
0
790
0
758
0
746
0
790
0
760
0
756
0
703
0
742
0
741
0
743
0
765
0
750
0
767
0
748
0
795
0
725
0
779
0
747
0
739
0
782
0
754
0
755
0
763
0
749
0
730
0
777
0
720
0
757
0
734
0
757
0
748
0
760
0
785
0
779
0
761
0
780
0
762
0
770
0
774
1
741
0
762
0
753
0
741
0
775
0
737
0
730
0
783
0
758
0
742
0
773
0
766
0
758
0
779
0
769
0
747
0
762
0
768
0
734
0
752
0
736
0
749
0
705
0
766
0
727
0
760
0
759
0
754
0
764
0
710
0
719
0
736
0
760
0
805
0
752
0
753
0
774
0
769
0
782
0
774
0
714
0
784
0
759
0
752
0
789
0
747
0
794
0
822
0
767
0
737
0
735
0
764
0
732
0
792
0
788
0
747
0
784
0
751
0
738
0
775
0
733
0
762
0
778
0
755
0
779
0
770
0
752
1
752
0
732
0
800
1
762
0
778
0
766
0
765
0
784
0
740
0
772
0
794
1
770
0
761
0
773
0
774
0
800
0
752
0
776
0
736
0
769
0
767
1
772
0
721
0
781
0
755
0
765
0
734
0
748
0
764
0
793
0
741
0
790
0
755
0
772
0
763
0
757
0
773
0
785
0
751
0
772
0
729
0
727
0
733
0
769
0
749
0
768
0
783
0
769
0
777
0
737
0
773
0
776
0
772
0
763
0
747
0
732
0
770
0
785
0
779
0
785
0
740
0
810
0
780
0
781
0
762
0
769
0
742
0
787
0
743
0
699
0
764
0
612
0
774
0
751
0
780
0
759
0
708
0
787
0
755
0
761
0
781
0
763
0
772
0
762
0
774
0
737
0
768
1
745
0
770
0
782
0
793
0
759
0
761
0
721
0
751
0
804
0
777
0
762
0
766
0
778
0
766
0
740
0
784
0
765
0
776
0
775
0
741
0
765
0
773
0
752
0
761
0
771
0
782
0
802
0
799
0
765
0
786
0
786
0
753
0
782
0
750
0
749
0
788
0
789
0
757
0
789
0
757
0
750
0
753
0
750
0
773
0
793
0
780
0
767
0
749
0
766
0
811
0
784
0
794
0
793
0
785
0
777
0
811
0
766
0
813
0
777
0
748
0
770
0
754
0
775
0
751
0
769
0
765
0
788
0
799
0
761
0
814
0
791
0
758
0
780
0
807
0
793
0
763
0
761
0
740
0
802
0
795
0
745
0
737
0
788
0
797
0
775
0
788
0
800
0
764
0
744
0
770
0
788
0
771
0
758
0
796
0
779
0
752
0
784
0
751
0
786
0
777
0
779
0
781
0
771
0
747
0
773
0
786
0
811
0
810
0
770
0
801
0
786
0
770
0
808
0
782
0
774
0
794
0
815
0
758
0
753
0
776
0
793
0
777
0
777
0
772
0
792
0
785
0
766
0
798
0
752
0
769
0
785
0
788
0
773
0
783
0
783
0
762
0
821
0
809
0
745
0
798
0
775
0
809
0
790
0
789
0
816
0
811
0
767
0
796
0
814
0
786
0
762
0
797
0
819
0
776
0
798
0
797
0
740
0
807
0
823
0
754
0
794
0
788
0
750
0
802
0
767
0
772
0
799
0
773
0
800
0
788
0
806
0
780
0
769
0
781
0
782
0
785
0
800
0
748
0
747
0
777
0
829
0
825
0
790
0
805
0
779
0
761
0
755
0
761
0
772
0
796
0
791
0
776
0
790
0
783
0
801
0
798
0
805
0
765
0
787
0
772
0
804
0
776
0
813
0
791
0
815
0
799
0
772
0
814
0
785
0
789
0
786
0
789
0
793
0
769
0
823
0
810
0
763
0
764
0
807
0
793
0
773
0
779
0
798
0
802
0
773
0
803
0
783
0
780
0
788
0
784
0
808
0
794
0
761
0
805
0
796
0
810
0
801
0
814
0
795
0
798
0
797
0
739
0
771
0
781
0
806
0
822
0
807
0
801
0
785
0
774
0
802
0
796
1
778
0
774
0
750
0
784
0
763
0
780
0
761
0
757
0
794
0
826
0
835
0
812
0
782
0
838
0
780
0
762
0
792
0
792
0
805
0
789
0
808
0
786
0
791
0
809
0
809
0
797
0
810
0
836
0
802
0
813
0
778
0
808
0
785
0
824
0
797
0
817
0
769
0
770
0
755
0
772
0
806
0
803
0
788
0
787
0
794
0
784
0
799
0
822
0
832
0
778
0
803
0
806
0
797
0
795
0
749
0
813
0
750
0
810
0
779
0
766
0
744
0
792
0
815
0
801
0
780
0
800
0
784
0
823
0
815
0
775
0
821
0
810
0
785
0
800
0
773
0
766
0
826
0
778
0
776
0
781
0
772
0
785
0
802
0
782
0
792
0
839
0
834
0
781
0
805
0
796
0
782
0
800
0
808
0
776
0
839
0
801
0
799
0
803
0
836
0
771
0
790
0
787
0
799
0
792
0
837
0
810
0
796
0
790
0
779
0
808
0
778
0
788
0
798
0
797
0
826
0
804
0
808
0
787
0
790
0
796
0
817
0
797
0
804
0
844
0
779
0
790
0
816
0
779
0
846
0
803
0
761
0
778
0
822
1
823
0
798
0
780
0
816
0
762
0
824
0
815
0
816
0
804
0
786
0
809
0
788
0
826
0
821
0
823
0
778
0
819
0
796
0
833
0
813
0
792
0
841
1
769
0
803
0
791
0
825
0
806
0
806
0
785
0
795
0
806
0
803
0
801
0
794
0
737
0
808
0
835
0
763
0
821
0
806
0
780
0
780
0
818
0
796
0
811
0
783
0
844
0
770
0
817
0
781
0
821
0
793
0
803
0
811
0
816
0
772
0
765
0
786
0
795
0
835
0
821
0
810
0
796
0
783
0
796
0
819
0
808
0
828
0
801
0
775
1
826
0
800
0
842
0
820
0
769
0
797
0
792
0
817
0
773
0
806
0
774
0
815
0
771
0
805
0
851
0
821
0
769
0
790
0
765
0
781
0
817
0
792
0
839
0
792
0
770
0
779
0
837
0
807
0
836
0
750
0
804
0
810
0
835
0
829
0
804
0
827
0
838
0
812
0
844
0
825
0
819
0
792
0
828
0
843
0
812
0
808
0
794
0
841
0
806
0
790
0
808
0
823
0
806
0
837
0
821
0
792
0
805
0
791
0
851
0
848
0
812
0
788
0
841
0
774
0
803
0
854
0
803
0
796
0
813
0
844
0
769
0
855
0
763
0
840
0
793
0
800
0
812
0
812
0
811
0
810
0
850
0
831
0
827
0
781
0
808
0
841
0
813
0
821
0
812
0
825
0
771
0
794
1
821
0
852
0
798
0
826
0
816
0
813
0
781
0
808
0
811
0
809
0
882
0
780
0
823
0
817
0
855
0
854
0
861
0
817
0
793
0
817
0
792
0
800
0
848
0
838
0
818
0
812
0
840
0
811
0
806
0
855
0
822
0
788
0
817
0
783
0
843
0
807
0
815
0
829
0
809
0
840
0
821
0
803
0
778
0
840
0
787
0
765
0
786
0
847
0
783
0
807
0
850
0
806
0
819
0
800
0
832
0
781
0
857
0
827
0
843
0
800
0
860
0
838
0
832
0
808
0
822
0
838
0
814
0
813
0
824
0
825
0
819
0
822
0
848
0
845
0
860
0
809
0
834
0
856
0
847
0
857
0
827
0
813
0
852
0
801
0
792
0
803
0
821
0
813
0
817
0
786
0
833
0
853
0
797
0
797
0
873
0
777
0
798
0
797
0
836
0
822
0
817
0
822
0
797
0
822
0
775
0
814
0
814
0
853
0
775
0
784
0
800
0
828
0
834
0
759
0
822
0
866
1
807
0
822
0
824
0
836
0
837
0
804
0
830
0
841
0
822
0
830
0
815
0
781
0
818
0
823
0
811
0
810
0
803
0
845
0
828
0
867
0
824
0
856
0
821
0
802
0
834
0
863
0
858
0
840
0
844
0
819
0
859
0
851
0
832
0
832
0
826
0
849
0
842
0
835
0
808
0
847
0
812
0
786
0
869
0
841
0
826
0
856
0
850
0
806
0
842
0
802
0
791
0
801
0
826
0
856
0
833
0
840
0
838
0
786
0
873
0
891
0
838
0
856
0
839
0
830
0
818
0
824
0
811
0
815
0
796
0
818
0
819
0
844
0
832
0
838
0
856
0
824
0
837
0
809
0
871
0
856
0
799
0
768
0
790
0
805
0
791
0
815
0
811
0
804
0
838
0
840
0
810
0
849
0
813
0
819
0
834
0
826
0
840
0
832
0
844
0
834
0
814
0
846
0
834
0
825
0
812
0
851
0
884
0
838
0
833
0
825
0
865
0
790
0
805
0
819
0
871
0
819
0
792
0
830
0
854
0
848
0
868
0
810
0
832
0
862
0
834
0
890
0
859
0
830
0
845
0
819
0
842
0
888
0
811
0
803
0
834
0
816
0
854
0
783
0
831
0
828
0
836
0
813
0
823
0
797
0
852
0
835
0
797
0
853
0
831
0
854
0
826
0
844
0
822
0
844
0
824
0
858
0
840
0
839
0
827
0
857
0
841
0
856
0
888
0
819
0
829
0
868
0
877
0
839
0
821
0
849
0
881
0
846
0
865
0
819
0
873
0
579
0
514
0
503
0
571
0
575
0
653
0
687
0
737
0
501
0
455
0
518
0
541
0
729
0
842
0
844
0
700
0
675
0
863
0
603
0
608
0
557
0
539
0
488
0
504
0
571
0
480
0
569
0
552
0
553
0
625
0
524
0
593
0
517
0
550
0
630
0
588
0
571
0
850
0
821
0
847
0
812
0
791
0
655
0
606
0
573
0
556
0
682
0
461
0
513
0
488
0
467
0
475
0
471
0
465
0
476
0
463
0
483
0
475
0
441
0
476
0
498
0
460
0
460
0
479
0
491
0
511
0
464
0
479
0
463
0
470
0
476
0
530
0
490
0
462
0
483
0
464
0
465
0
467
0
470
0
510
0
496
0
464
0
494
0
481
0
448
0
467
0
467
0
476
0
452
0
457
0
448
0
513
0
461
0
476
0
471
0
482
0
459
0
484
0
465
0
494
0
481
0
460
0
472
0
491
1
459
0
469
0
475
0
481
0
499
0
468
0
467
0
470
0
479
0
468
0
468
0
457
0
457
0
469
0
459
0
486
0
484
0
484
0
475
0
456
0
471
0
462
0
462
0
467
0
463
0
472
0
437
0
492
0
469
0
499
0
473
0
485
0
457
0
475
0
466
0
477
0
476
0
466
0
508
0
511
0
476
0
473
0
515
0
479
0
516
0
456
0
495
0
492
0
505
0
474
0
506
0
481
0
485
0
467
0
485
0
477
0
481
0
473
0
482
0
467
0
483
0
489
0
476
0
479
0
465
0
473
0
498
0
448
0
486
0
470
0
473
0
484
0
468
0
461
0
463
0
484
0
467
0
462
0
476
0
490
0
488
0
471
0
480
0
461
0
488
0
511
0
480
0
508
0
473
0
480
0
460
0
469
0
563
1
478
0
482
0
461
0
493
0
457
0
482
0
489
0
507
0
462
0
498
0
468
0
475
0
468
0
463
0
495
0
502
0
500
0
467
0
483
0
546
0
491
0
484
0
492
0
446
0
446
0
490
0
481
0
538
0
461
0
479
0
462
0
513
0
480
0
532
0
551
0
452
0
476
0
461
0
491
0
526
0
465
0
453
0
473
0
478
0
475
0
521
0
458
0
468
0
549
0
466
0
616
0
552
0
461
0
486
0
498
0
470
0
509
0
550
0
503
0
470
0
491
0
482
0
568
0
488
0
497
0
473
0
483
0
455
0
490
0
467
0
488
0
464
0
455
0
493
0
499
0
477
0
452
0
496
0
479
0
490
0
508
0
461
0
477
0
492
0
472
0
459
1
493
0
455
0
478
0
508
0
480
0
458
0
481
0
483
0
522
0
456
0
468
0
468
0
473
0
493
0
496
0
488
0
475
0
469
0
449
0
493
0
472
0
473
0
480
0
474
0
481
0
487
0
476
0
484
0
496
0
476
0
465
0
474
0
484
0
525
0
475
0
483
0
463
0
481
0
530
0
507
0
526
0
489
0
495
0
474
0
489
0
548
0
457
0
523
0
505
0
479
0
467
0
469
0
455
0
486
0
498
0
496
0
486
0
469
0
494
0
563
0
502
0
501
0
479
0
469
0
504
0
525
0
529
0
476
0
490
0
494
0
478
0
520
0
460
0
519
0
530
0
500
0
483
0
489
0
468
0
490
0
459
0
536
0
494
0
539
0
474
0
495
0
468
0
534
0
466
0
469
0
537
0
487
0
492
0
479
0
495
0
486
0
477
0
513
0
496
0
490
0
466
0
488
0
487
0
483
0
519
0
511
0
492
0
496
0
542
0
484
0
486
0
505
0
498
0
478
0
479
0
479
0
463
0
462
0
488
0
478
0
493
0
473
0
470
0
488
0
554
0
501
0
517
0
482
0
499
0
485
0
483
0
482
0
491
0
492
0
482
0
478
0
473
0
498
0
477
0
545
0
491
0
498
0
483
0
469
0
483
0
496
0
465
0
469
0
476
0
472
0
481
0
472
0
502
0
489
0
507
0
483
0
486
0
522
0
477
0
496
0
489
0
493
0
507
0
491
0
483
0
475
0
478
0
481
0
490
0
492
0
473
0
485
0
490
0
485
0
513
0
496
0
487
0
480
0
478
0
470
0
504
0
486
0
508
0
551
1
475
0
493
0
517
0
553
0
495
0
482
0
499
0
476
0
471
0
494
0
535
0
491
0
482
0
499
0
503
0
553
0
482
0
560
0
484
0
485
0
486
0
482
0
541
0
531
0
486
0
502
0
559
0
494
0
514
0
511
0
492
0
586
0
465
0
522
0
508
0
491
0
487
0
479
0
506
0
504
0
512
0
465
0
465
0
484
0
507
0
468
0
449
0
488
0
468
0
497
0
480
0
499
0
513
0
457
0
493
0
476
0
506
0
490
0
509
0
499
0
475
0
478
0
496
0
485
0
514
0
491
0
512
0
524
0
512
0
544
0
550
0
482
0
510
0
488
0
488
0
508
0
502
0
518
0
493
0
495
0
487
0
503
0
479
0
483
0
504
0
462
0
498
0
499
0
499
0
496
0
521
0
470
0
500
0
477
0
512
0
494
0
489
0
482
0
513
0
512
0
487
0
490
0
481
0
477
0
476
0
518
0
495
0
503
0
498
0
505
0
513
0
493
0
511
0
530
0
518
0
481
0
493
0
482
0
480
0
479
0
504
0
498
0
483
0
496
0
488
0
485
0
503
0
534
0
502
0
479
0
465
0
495
0
492
0
504
0
462
0
530
0
533
0
489
0
483
0
497
0
502
0
490
0
514
0
545
0
507
0
511
0
490
0
479
0
470
0
589
0
494
0
492
0
499
0
564
0
549
0
477
0
496
0
476
0
500
0
498
0
515
0
497
0
501
0
494
0
472
0
490
0
488
0
501
0
491
0
513
0
499
0
491
0
480
0
485
0
484
0
491
0
499
0
484
0
514
0
477
0
480
0
499
0
477
0
507
0
496
0
492
0
492
0
498
0
507
0
498
0
489
0
498
0
508
0
489
0
519
0
511
0
564
0
494
0
482
0
498
0
485
0
483
0
483
0
488
0
483
0
505
0
498
0
516
0
528
0
499
0
494
0
498
0
494
0
517
0
492
0
552
0
499
0
487
0
498
0
503
0
487
0
499
0
505
0
554
0
482
0
490
0
506
0
470
0
489
0
505
0
465
0
488
0
482
0
482
0
501
0
515
0
457
0
509
0
490
0
473
0
500
0
473
0
512
0
501
0
461
0
505
0
511
0
486
0
524
0
509
0
550
0
488
0
510
0
501
0
493
0
461
0
520
0
508
0
501
0
487
0
477
0
492
0
491
0
485
0
519
0
500
0
489
0
491
0
506
0
474
0
562
0
497
0
482
0
510
0
498
0
505
0
495
0
522
0
492
0
505
0
492
0
494
0
495
0
493
0
500
0
517
0
483
0
497
0
486
0
483
0
499
0
491
0
526
0
508
0
514
0
496
0
521
0
504
0
490
0
511
0
503
0
496
0
495
0
579
0
521
0
515
0
480
0
503
0
498
0
489
0
496
0
507
0
502
0
497
0
505
0
503
0
518
0
512
0
558
0
467
0
538
1
493
0
498
0
485
0
486
0
510
0
504
0
526
0
507
0
475
0
506
0
538
0
505
0
496
0
532
0
472
0
517
0
484
0
515
0
520
0
511
0
494
0
495
0
477
0
519
0
518
0
494
0
508
0
531
0
612
0
504
0
511
0
495
0
511
0
504
0
509
0
509
0
498
0
490
0
512
0
549
0
523
0
528
0
522
0
496
0
464
0
500
0
517
0
493
0
500
0
513
0
498
0
497
0
558
0
473
0
493
0
495
0
498
0
491
0
510
0
510
0
505
0
496
0
496
0
497
0
493
0
497
0
516
0
535
0
565
0
500
0
507
0
531
0
511
0
523
0
531
0
493
0
518
0
518
0
521
0
498
0
519
0
486
0
506
0
521
0
501
0
516
0
524
0
547
0
511
0
485
0
500
0
502
0
478
0
496
0
510
0
501
0
501
0
501
0
496
0
515
0
477
0
513
0
507
0
481
0
519
0
509
0
514
0
489
0
493
0
492
0
481
0
509
0
547
0
519
0
561
0
515
0
514
0
495
0
542
0
530
0
512
0
494
0
500
0
509
0
492
0
533
0
472
0
540
0
495
0
515
0
496
0
483
0
520
0
497
0
519
0
514
0
510
0
519
0
511
0
505
0
505
0
532
0
490
0
501
0
521
0
514
0
504
0
494
0
508
0
576
0
538
0
529
0
495
0
508
0
523
0
498
0
523
0
530
0
540
0
523
0
595
0
599
0
509
0
491
0
526
0
499
0
511
0
553
0
503
0
532
0
511
0
534
0
572
0
507
0
507
0
562
0
533
0
518
0
559
0
525
0
502
0
504
0
505
0
519
0
518
0
547
0
538
0
525
0
512
0
557
0
557
0
493
0
506
0
523
0
516
0
513
0
576
0
527
0
482
0
498
0
506
0
507
0
514
0
499
0
511
0
526
0
501
0
498
0
544
0
496
0
487
0
498
0
510
0
495
0
536
0
500
0
508
0
550
0
528
0
537
0
506
0
485
0
504
0
496
0
491
0
503
0
525
0
518
0
512
0
581
0
559
0
560
0
545
0
507
0
542
0
518
0
542
0
515
0
501
0
510
0
529
0
499
0
510
0
511
0
504
0
550
0
570
0
492
0
562
0
532
0
494
0
508
0
515
0
463
0
514
0
516
0
482
0
519
0
557
0
571
0
534
0
554
0
506
0
534
0
508
0
497
0
526
0
507
0
495
0
565
0
504
0
509
0
554
0
540
0
524
0
509
0
520
0
516
0
523
0
491
0
526
0
519
0
519
0
522
0
513
0
550
0
526
0
495
0
496
0
508
0
517
0
521
0
518
0
488
0
497
0
515
0
519
0
527
0
530
0
524
0
527
0
502
0
499
0
583
0
574
0
529
0
525
0
527
0
527
0
507
0
527
0
527
0
516
0
539
0
536
0
523
0
576
0
491
0
551
0
510
0
502
0
503
0
496
0
524
0
514
0
493
0
502
0
515
0
489
0
518
0
538
0
515
0
532
0
521
0
499
0
498
0
524
0
534
0
515
0
516
0
512
0
525
0
539
0
529
0
531
0
517
0
503
0
525
0
510
0
535
0
510
0
529
0
537
0
525
0
511
0
525
0
517
0
563
0
567
0
560
0
548
0
533
0
519
0
501
0
490
0
539
0
486
0
515
0
506
0
548
0
524
0
516
0
506
0
519
0
511
0
539
0
532
0
516
0
552
0
529
0
514
0
508
0
530
0
518
0
508
0
508
0
516
0
529
0
490
0
527
0
514
0
502
0
511
0
545
0
541
0
520
0
510
0
532
0
546
0
505
0
587
0
597
0
548
0
608
0
507
0
480
0
513
0
544
0
560
0
521
0
527
0
517
0
523
0
501
0
599
0
550
0
526
0
520
0
531
0
568
0
512
0
518
0
518
0
543
0
552
0
535
0
518
0
501
0
518
0
474
0
496
0
527
0
515
0
522
0
530
0
536
0
492
0
602
0
485
0
515
0
532
0
504
0
542
0
507
0
522
0
538
0
514
0
512
0
546
0
529
0
512
0
542
0
515
0
580
0
630
0
502
0
518
0
534
1
528
0
515
0
570
0
538
0
617
0
534
0
536
0
495
0
533
0
543
0
561
0
521
0
524
0
512
0
497
0
514
0
502
0
570
0
526
0
536
0
510
0
501
0
537
0
573
0
551
0
562
0
522
0
537
0
525
0
502
0
513
0
611
0
550
0
591
0
501
0
482
0
521
0
530
0
519
0
526
0
535
0
529
0
551
0
509
0
508
0
517
0
510
0
502
0
525
0
549
0
546
0
576
0
522
0
561
0
502
0
577
0
534
0
520
0
541
0
511
0
575
0
514
0
508
0
514
0
494
0
536
0
519
0
537
0
535
0
524
0
521
0
512
0
503
0
489
0
549
0
544
0
534
0
529
0
522
0
534
0
553
0
517
0
539
0
536
0
509
0
523
0
523
0
558
0
498
0
522
0
561
0
559
0
583
0
542
0
500
0
516
0
539
0
553
0
619
0
534
0
529
0
536
0
508
0
527
0
506
0
578
0
530
0
543
0
526
0
510
0
515
0
539
0
550
0
517
0
495
0
498
0
505
0
526
0
535
0
518
0
578
0
512
0
504
0
510
0
532
0
500
0
530
0
528
0
509
0
523
0
565
0
534
0
520
0
532
0
511
0
523
0
563
0
542
0
511
0
535
0
511
0
538
0
525
0
532
0
510
0
521
0
546
0
516
0
555
0
535
0
539
0
537
0
505
0
518
0
552
0
605
0
585
0
536
0
547
0
574
0
573
0
545
0
622
0
525
0
513
0
510
0
527
0
543
0
560
0
534
0
593
0
522
0
496
0
605
0
556
0
531
0
527
0
504
0
531
0
536
0
526
0
540
0
563
0
541
0
526
0
535
0
505
0
526
0
488
0
558
0
552
0
565
0
565
0
589
1
571
0
530
0
603
0
538
0
524
0
571
0
551
0
528
0
519
0
514
0
547
0
548
0
518
0
521
0
524
0
544
0
543
0
522
0
525
0
589
0
537
0
541
0
535
0
535
0
526
0
553
0
524
0
528
0
563
0
538
0
541
0
579
0
547
0
538
0
531
0
525
0
540
0
536
0
531
0
549
0
550
0
530
0
522
0
547
0
548
0
520
0
522
0
541
0
572
0
521
0
548
0
511
0
561
0
590
0
603
0
553
0
513
0
494
0
570
0
537
0
643
0
528
0
530
0
535
0
532
0
530
0
511
0
486
0
561
0
560
0
539
0
587
0
555
0
568
0
555
0
528
0
551
0
533
0
550
0
506
0
553
0
520
0
558
0
601
0
588
0
548
0
543
0
539
0
516
0
535
0
551
0
547
0
540
0
505
0
518
0
535
0
577
0
539
0
535
0
548
0
547
0
612
0
599
0
542
0
560
0
540
0
545
0
531
0
541
0
522
0
537
0
517
0
509
0
569
0
574
0
583
0
538
0
531
0
572
0
589
0
548
0
559
0
549
0
530
0
510
0
509
0
506
0
588
0
587
0
556
0
528
0
554
0
539
0
597
0
544
0
540
0
534
0
508
0
531
0
531
0
513
0
617
0
540
0
560
0
529
0
527
0
554
0
525
0
554
0
514
0
526
0
507
0
525
0
521
0
522
0
548
0
555
0
514
0
542
0
537
0
522
0
550
0
497
0
542
0
495
0
549
0
551
0
500
0
514
0
541
0
566
0
501
0
541
0
495
0
513
0
539
0
500
0
549
0
547
0
543
0
522
0
524
0
654
0
543
0
531
0
538
0
512
0
522
0
543
0
506
0
552
0
535
0
520
0
537
0
550
0
525
0
489
0
525
0
581
0
537
0
542
0
545
0
563
0
522
0
584
0
532
0
532
0
573
0
539
0
537
0
532
0
544
0
552
0
539
0
518
0
538
0
530
0
555
0
511
0
569
0
565
0
518
0
551
0
574
0
525
0
547
0
531
0
576
0
558
0
629
0
551
0
591
0
518
0
552
0
503
0
530
0
540
0
529
0
555
0
525
0
533
0
559
0
554
0
580
0
549
0
540
0
494
0
576
0
518
0
539
0
559
0
562
0
546
0
530
0
560
0
530
0
521
0
572
0
523
0
539
0
529
0
516
0
527
0
522
0
560
0
526
0
522
0
495
0
559
0
548
0
516
0
512
0
515
0
517
0
590
0
598
0
550
0
563
0
523
0
559
0
541
0
573
0
571
0
507
0
552
0
526
0
538
0
510
0
541
0
537
0
546
0
555
0
536
0
541
0
545
0
560
0
508
0
547
0
573
0
574
0
561
0
509
0
513
0
547
0
556
0
527
0
535
0
541
0
517
0
535
0
551
0
560
0
527
0
527
0
539
0
570
0
551
0
557
0
527
0
540
0
555
0
521
0
535
0
552
0
601
0
561
0
526
0
527
0
557
0
520
0
532
0
536
0
557
0
519
0
554
0
538
0
535
0
534
0
529
0
544
0
525
0
523
0
565
0
572
0
550
0
539
0
528
0
555
0
533
0
533
0
549
0
546
0
536
0
565
0
555
0
555
0
515
0
578
0
534
0
574
0
742
0
685
0
649
0
878
0
992
0
937
0
984
0
740
0
854
0
616
0
636
0
543
0
524
0
497
0
570
0
592
0
526
0
546
0
565
0
546
0
592
0
533
0
556
0
547
0
553
0
557
0
567
0
606
0
535
0
519
0
533
0
519
0
509
0
508
0
554
0
566
0
535
0
560
0
541
0
533
0
563
0
567
0
571
0
522
0
574
0
576
0
516
0
522
0
536
0
553
0
597
0
558
0
556
0
524
0
546
0
543
0
543
0
578
0
540
0
535
0
559
0
603
0
560
0
532
0
551
0
528
0
534
0
566
0
565
0
570
0
563
1
548
0
562
0
561
0
521
0
561
0
570
0
558
0
527
0
571
0
553
0
553
0
594
0
575
0
535
0
559
0
550
0
540
0
520
0
556
0
568
0
535
0
532
0
555
0
571
0
534
0
543
0
540
0
540
0
541
0
563
0
573
0
550
0
545
0
531
0
525
1
533
0
542
0
567
0
542
0
583
0
551
0
540
0
543
0
536
0
548
0
541
0
538
0
532
0
582
0
527
0
550
0
584
0
544
0
544
0
570
0
556
0
551
0
509
0
537
0
547
0
556
0
528
0
561
0
547
0
550
0
586
0
584
0
577
0
533
0
541
0
599
0
600
0
543
0
526
0
555
0
590
0
556
0
638
0
563
0
556
0
532
0
543
0
559
0
547
0
545
0
540
0
559
0
565
0
613
0
526
0
557
0
534
0
551
0
554
0
539
0
579
0
514
0
553
0
534
0
551
0
574
0
560
0
550
0
559
0
537
0
560
0
582
0
527
0
540
0
528
0
528
0
540
0
521
0
622
0
548
0
552
0
543
0
545
0
535
0
535
0
567
0
536
0
542
0
571
0
580
0
567
0
567
0
567
0
575
0
545
0
538
0
559
0
544
1
557
0
593
0
519
0
556
0
553
0
529
0
545
0
582
0
626
0
560
0
538
0
537
0
565
0
571
0
556
0
548
0
576
0
646
0
587
0
552
0
608
0
513
0
548
0
533
0
562
0
562
0
546
0
532
0
562
0
555
0
589
0
529
0
590
0
557
0
531
0
516
0
541
0
544
0
571
0
549
0
564
0
561
0
549
0
543
0
538
0
557
0
541
0
598
0
555
0
598
0
551
0
599
0
553
0
542
0
532
0
587
0
581
0
556
0
552
0
540
0
552
0
549
0
540
0
560
0
547
0
535
0
562
0
566
0
579
0
568
0
530
0
547
0
555
0
700
0
600
0
522
0
646
0
566
0
512
0
559
0
582
0
543
0
590
0
615
0
639
0
547
0
583
0
597
0
564
0
551
0
533
0
550
0
538
0
544
0
665
0
559
0
559
0
551
0
666
0
580
0
541
0
548
0
549
0
569
0
550
0
553
0
547
0
607
0
604
0
588
0
599
0
520
0
566
0
565
0
555
0
569
0
526
0
549
0
584
0
560
0
566
0
549
0
561
0
607
0
573
0
566
0
525
0
556
0
556
0
552
0
547
0
546
0
551
0
555
0
544
0
560
0
548
0
556
0
564
0
530
0
541
0
544
0
551
0
530
0
549
0
544
0
623
0
540
0
546
0
573
0
556
0
568
0
555
0
595
0
532
0
558
0
563
0
532
0
535
0
700
0
564
0
658
0
752
0
1036
0
1032
0
972
0
973
0
965
0
967
0
1008
0
1011
0
1004
0
695
0
741
0
804
0
593
0
578
0
558
0
539
0
528
0
554
0
566
0
521
0
565
0
574
0
526
0
582
0
552
0
577
0
549
0
558
0
555
0
625
0
704
0
562
0
564
0
559
0
570
0
564
0
519
0
583
0
572
0
576
0
517
0
550
0
561
0
556
0
546
0
517
0
571
1
566
0
589
0
577
0
561
0
574
0
565
0
561
0
559
0
540
0
570
0
582
0
557
0
568
0
565
0
557
0
573
0
572
0
574
0
557
0
581
0
551
0
563
0
636
0
570
0
545
0
566
0
566
0
577
0
523
0
543
0
543
0
584
0
558
0
562
0
551
0
563
0
564
0
550
0
544
0
532
0
584
0
572
0
553
0
533
0
567
0
659
0
528
0
571
0
534
0
572
0
545
0
539
0
565
0
530
0
582
0
567
0
559
0
639
0
593
0
590
0
569
0
555
0
598
0
578
0
533
0
554
0
551
0
543
0
567
0
564
0
602
0
549
0
561
0
608
0
596
0
558
0
575
0
570
0
580
0
581
0
565
0
554
0
670
0
555
0
540
0
547
0
586
0
555
0
555
0
523
0
544
0
587
0
566
0
549
0
552
0
576
0
544
0
552
0
552
0
555
0
552
0
577
0
565
0
577
0
562
0
514
0
549
0
637
0
585
0
646
0
576
0
566
0
529
0
577
0
563
0
552
0
570
0
585
0
582
0
538
0
583
0
558
0
605
0
563
0
543
0
541
0
553
0
553
0
552
0
572
0
639
0
592
0
541
0
549
0
563
0
574
0
549
0
561
0
521
0
576
0
564
0
534
0
554
0
568
0
568
0
568
0
530
0
583
0
568
0
555
0
563
0
553
0
512
0
546
0
614
0
561
0
563
0
584
0
555
0
549
0
559
0
535
0
642
0
588
0
531
0
536
0
562
0
569
0
611
0
530
0
585
0
555
0
529
0
537
0
537
0
638
0
581
0
624
0
581
0
567
0
579
0
554
0
573
0
617
0
584
0
582
0
538
0
589
0
628
0
606
0
580
0
546
0
560
0
548
0
542
0
553
0
583
0
570
0
578
0
586
0
572
0
634
0
668
0
572
0
631
0
637
0
759
0
983
0
1029
0
1007
0
998
0
1013
0
904
0
770
0
650
0
670
0
689
0
600
0
512
0
526
0
549
0
559
0
595
0
599
0
544
0
610
0
566
0
601
0
558
0
562
0
540
0
572
0
597
0
554
0
575
0
570
0
588
0
578
0
572
0
568
0
555
0
607
0
587
0
572
0
565
0
630
0
661
0
572
0
553
0
577
0
557
0
633
0
609
0
611
0
562
0
599
0
588
0
572
0
559
0
646
0
564
0
595
0
565
0
583
0
566
0
579
0
603
0
569
0
560
0
606
0
558
0
604
0
579
0
598
0
661
0
735
0
685
0
677
0
717
0
681
0
585
0
694
0
653
0
720
0
676
0
632
0
1003
0
1022
0
997
0
817
0
921
0
716
0
718
0
674
0
588
0
544
0
583
0
518
0
532
1
561
0
586
0
582
0
560
0
566
0
558
0
548
0
596
0
577
0
587
0
584
0
587
0
578
0
653
0
612
0
629
0
658
0
579
0
578
0
650
0
710
0
649
0
561
0
562
0
612
0
617
0
561
0
572
0
565
0
597
0
586
0
592
0
573
0
596
0
570
0
562
0
581
0
587
0
595
0
586
0
566
0
623
0
528
0
596
0
563
0
595
0
648
0
545
0
598
0
553
0
641
0
588
0
617
0
594
0
575
0
556
0
528
0
580
0
613
0
579
0
594
0
604
0
568
0
567
0
652
0
593
0
555
0
607
0
565
0
628
0
631
0
628
0
538
0
662
0
669
0
566
0
575
0
596
0
588
0
566
0
582
0
562
0
562
0
591
0
550
0
605
0
593
0
551
0
588
0
577
0
583
0
586
0
584
0
570
0
583
0
585
0
625
0
639
0
579
0
550
0
560
0
558
0
578
0
572
0
608
0
591
0
573
0
570
0
568
0
564
0
559
0
620
0
553
0
624
0
593
0
548
0
567
0
585
0
593
0
584
0
560
0
585
0
572
0
579
0
572
0
535
0
608
0
639
0
569
0
570
0
546
0
576
0
546
0
603
0
637
0
557
0
570
0
577
0
561
0
553
0
586
0
567
0
603
0
568
0
551
0
583
0
559
0
613
0
598
0
577
0
603
0
569
0
585
0
600
0
583
0
560
0
606
0
583
0
539
0
635
0
620
0
577
0
610
0
598
0
582
0
588
0
608
0
583
0
535
0
576
0
644
0
585
0
567
0
643
0
557
0
612
0
563
0
562
0
585
0
553
0
628
0
583
0
609
0
603
0
578
0
585
0
575
0
581
0
575
0
570
0
577
0
610
0
567
0
570
0
617
0
562
0
585
0
570
0
578
0
606
0
586
0
562
0
672
0
615
0
633
0
677
0
579
0
553
0
669
0
602
0
565
0
615
0
621
0
590
0
611
0
619
0
621
0
579
0
577
0
593
0
556
0
568
0
571
0
563
0
557
0
569
0
580
0
577
0
600
0
569
0
573
0
560
0
587
0
639
0
602
0
557
0
621
0
575
0
560
0
589
0
580
0
570
0
577
0
543
0
646
0
543
0
566
0
567
0
600
0
593
0
605
0
584
0
581
0
588
0
579
0
576
0
610
0
598
0
555
0
602
0
580
0
619
0
577
0
598
0
586
0
568
0
639
0
587
0
565
0
572
0
581
0
619
0
578
0
603
0
601
0
600
0
558
0
570
0
570
0
565
0
581
0
597
0
635
0
604
0
539
0
622
0
583
0
558
0
549
0
550
0
563
0
594
0
589
0
537
0
600
0
634
0
589
0
571
1
600
0
603
0
556
0
589
0
555
0
605
0
566
0
587
0
574
0
575
0
584
0
590
0
598
0
542
0
560
0
671
0
585
0
582
0
600
0
590
0
576
0
564
0
586
0
555
0
530
0
547
0
534
0
570
0
596
0
598
0
548
0
593
0
567
0
604
0
612
0
590
0
582
0
559
0
603
0
585
0
617
0
