0
5
15
23
35
28
32
41
53
65
79
95
110
129
147
213
215
212
237
262
336
360
350
377
408
529
677
704
628
671
765
743
715
757
803
850
897
946
1042
1093
1146
1156
1255
1268
1372
1431
1610
1544
1661
1720
1842
1883
2089
2252
2200
2143
2206
2246
2375
2459
2555
2520
2666
2732
2817
2883
2940
3138
3304
3485
3399
3488
3851
3629
3689
4000
3947
4245
4132
4582
4364
4527
4609
4718
4926
5019
5231
5125
5602
5711
5676
5696
6115
6148
6193
6628
6947
7802
8968
8697
7023
6893
7261
7334
7635
7618
8012
7757
8147
8080
8424
8473
8942
10283
12547
9799
9094
9208
9388
9646
9647
9788
10973
